,taxa100883,taxa1017280,taxa102106,taxa117563,taxa1263,taxa1301,taxa1348911,taxa1350,taxa1357,taxa1485,taxa1578,taxa1678,taxa1730,taxa189330,taxa191303,taxa207244,taxa216851,taxa2172,taxa239759,taxa239934,taxa244127,taxa283168,taxa292632,taxa29465,taxa33024,taxa33042,taxa35832,taxa375288,taxa397864,taxa39948,taxa40544,taxa447020,taxa459786,taxa46255,taxa547,taxa561,taxa570,taxa572511,taxa574697,taxa577310,taxa61170,taxa724,taxa816,taxa838,taxa841,taxa84111,taxa846,taxa848,taxa872,taxa904,taxa906,taxa946234,condition
0,,,0.03405402203287549,,,0.0025780317341624354,,0.015368467701732984,0.0028681807299250923,,0.0065254314416151775,0.06436992879819486,0.06560431753184566,0.022850232693140224,,0.0013239649336849145,0.0361633673107954,,0.007106139392866045,,,,0.058489671474674314,,,0.49168417194694797,,0.0031155914242984766,0.00647008687866504,,0.0007174295197239826,0.0006111474608734438,,0.0095036863578522,0.0003779828669631496,,,0.027535354926732005,,0.0009487492948692718,,,0.05499404738478491,0.010123545462893728,0.07661645069988324,,,,,,,,Control
1,,5.521238683853571e-05,0.0056481868725699125,,0.0026671209934118925,5.783195263744432e-05,,,0.00010649542497870846,0.0013065588184710418,,0.05760636772114601,0.06169913702434855,0.003078090566248365,,,0.05161401020361179,0.0007459717375045956,0.17547060751458718,,0.002471661083801018,0.0068642699184478795,0.14662314291675954,,,0.00017802972179505942,0.02103984873418047,0.03390090928151456,,,,0.002034999615629095,0.014323584283370924,,,,,0.0011699383868048845,,1.9848248553269225e-05,,,0.40361665314399775,,0.006854295417905881,0.00015777846311888124,,,,,,0.0006894495677666053,Control
2,0.00011190622842267113,,,,,0.0005823958710530014,,,,0.003173866118450375,,3.555616438632125e-05,0.005177400582496597,0.013039241213321374,,,0.14263662556891119,,,,0.00020145135629643767,,0.029532063753310724,0.0012710573325523736,,0.004753546928848892,,0.0070322639455960454,,0.01038884644420729,,,,0.00023801477746424114,,0.16292680617508842,0.00013608039117824364,0.012775037759538593,,,0.0003575761574261768,0.0025702171293081003,0.5191643193386755,,0.08295273296464378,0.00018362291126420294,,,,,,0.0007593708875594217,Control
3,,,0.008253754116061355,,0.02713391325824695,0.002088497451758908,,,,,,0.06874604439699752,0.015813373533227874,0.002691638048209001,,6.95658037663434e-05,0.0030426153004958372,0.25563960323321544,0.08083221418711801,0.06645088065229772,,,0.12852612302565142,,,0.023080105683150408,,0.04358353461716264,0.031404542718075086,,,0.002076107629774245,,,,,,0.02166604108221236,,,,,0.2096987526495939,,0.004919876443008038,,0.0030494195469956105,,0.0006959627054171551,0.000537433917564218,,,Control
4,,,0.007524373879175607,,,,,0.010157075874099567,,5.121946968933797e-05,0.011406108336191849,0.006049423175258572,0.05576758857461527,0.02143247892456966,,0.01117285784663148,0.022254753315557416,,0.06402380578937278,,,0.0006611774697241928,0.030129162325763473,0.00030986716517450116,,0.10114453199219081,,0.0031064289573203676,0.030939428832778417,,0.0003403650651762439,0.0020099922596967384,,,,0.004073010484901733,,0.024832516584694254,,,9.967606342032989e-05,,0.26336158692794126,0.2648397255656563,0.06431284512039977,,,,,,,,Control
5,0.0004571153906042209,,0.013834178035770545,0.00036478996626215505,0.018344258508547144,0.0012848529852419071,0.0007223171458656971,0.03763961194270629,0.00011004222210019761,0.000665975528150396,0.003452904845060001,0.003871065289040752,0.05694795035907326,0.07274341091933564,0.0016133290182109969,0.009719919435888354,0.03926790670312292,,0.03648846025731612,,0.00024066233973313216,0.009104013118793549,0.1079611035958387,1.5075784427727071e-05,,0.1511253852990854,,0.014087935399933596,0.03960925767607772,,0.0004408291417333917,0.0018634549890447463,,0.0049391350967452705,,,,0.035749196609247,,0.00037205275292076804,0.001032856296632455,0.00021843381086889227,0.2501226695670862,0.04508044691667745,0.040253334802030194,0.0002560682508271598,,,,,,,Control
6,,,,,0.00758215013868642,0.009062945776875624,,,,,,,0.25763966485099526,0.03267138500979339,,0.0005841819045743353,0.035244531155913986,,0.06618820348266095,0.010401102909593335,,,0.05471059878796641,,,0.06586648450393649,,0.025660899313063864,0.029489627717538613,0.03217896418198735,,0.00024237441729444938,,,,,,0.043888242882384014,,,,,0.26412552753786256,,0.06430493104240886,0.00015818438646414084,,,,,,,Control
7,,,0.017218302592996396,,0.054550934608117836,0.0005745921528423363,,,,,,0.03165014216521975,0.05171422051734713,0.002560951046808048,,,0.030015437787733718,0.004780853848058064,0.1445943647132044,0.030646459420819342,,0.02297143226670632,0.1170190900519769,,,0.0054921948143367115,0.004242920262673052,0.0907220254970634,0.12835132417747852,,0.0010578468075536419,0.00030140344648199255,0.002579589251048991,,,,,0.013057967080606423,,,0.0005827270596657316,,0.22275846246553996,,0.010044035589290592,,,,0.0006388476193967482,0.011873874757034015,,,Control
8,,,0.006168646295344726,,0.009029279873927161,,0.0008897165151428785,,,,0.002312419216065809,0.03420011840936345,0.20161179961448017,0.0047037574291380465,,,0.039251963148635445,0.007486809620832806,0.1261119398577565,0.011404360979402247,,0.013054868972857424,0.0656913705420799,,,0.009003556602412678,0.0005457449284512348,0.07599374656980176,0.05712881370651147,,0.04894222820739873,3.0147674214972054e-05,0.000831170349175919,,,,,0.009105009185265795,,,,,0.25556893394325614,,0.008161376693028561,,,,,0.012772221665456301,,,Control
9,,,0.005284550780674583,,0.023716069939177586,0.00032956058926733725,,,,,,0.0009444897652337962,0.2882060180364325,0.004373078028853823,,,0.0535907779925859,,0.029282027264941723,,,,0.0786156423434562,0.000941340450108245,,0.003099027674352688,0.0003716191848150184,0.07284508112534174,,,,,0.004023504049917662,,,0.00047707044611572613,,0.0038402342277726927,,0.0007049386340709163,,0.0016381518193390298,0.40710079129082305,,0.02061602635671988,,,,,,,,Control
10,,,,,0.019118764907866112,0.0031681798843865372,,,0.0005330034700169167,,,0.008905805473392168,0.03772811681516565,0.0007716301417646075,,,0.04394823807421119,,0.1752913019721229,0.059293435195770634,,0.00800795623867103,0.08024005823015022,0.0025035133669245486,0.002422559747400512,0.0272602996594504,0.00025546260507336243,0.021943471589614547,,,0.02327492171795073,,0.009415520915874772,,,,,0.003351661313444753,,,0.00041111937785681603,0.0076262745406411375,0.455217425493434,,0.009311279268816423,,,,,,,,Control
11,,,0.011081053869470931,,0.15268851606097605,,,,,0.0003042976290441201,,,0.25366381193854565,0.023836409103988123,,,0.06974201142061609,,0.002911832905132633,,,,0.3300285132091441,,,0.010518864766433426,,0.0024753697287744226,,,,,,,,0.00463223377662796,,0.014030604552607354,,,,,0.11747912361873969,,0.006607357419899552,,,,,,,,Control
12,,,0.003638894767356616,,0.009771991003829163,,,,,,0.00028209766336668806,0.024269169459698373,0.159188103526747,0.006127627627782555,,,0.06089739455877562,0.010234965479149693,0.14002940047849297,0.009840297021806025,,0.026876044904087314,0.1267396495488553,,,0.018089332096120802,0.0015961114684050108,0.028006602364770854,0.10812264830479838,,0.015173635032691446,,0.0010310906913033335,,,,,0.012520328005085601,,,,,0.20233955334261483,,0.03155304669087782,,,,,0.003672015963384673,,,Control
13,,,0.017957066316454738,,0.15171480297747264,,,,,,,0.062241905911378514,0.19559931946119885,0.06123129194766371,,,0.10174824888791563,,0.013306102551936604,,,,0.013817282757327423,,,0.024948509659040496,,,,0.053319430574197794,,,,,,,,0.03250734834655124,,,,,0.1773346430621813,,0.09427404754668113,,,,,,,,Control
14,,,,,0.002457750912037517,0.002332548615681315,,,,,,0.005186790612482021,0.07225355594582822,0.0035325154067238265,,,0.03630876882110978,,0.07535799677971876,,,,0.02289154754873553,0.005041630020732966,,0.014091996836713059,0.003470068575262681,0.0466292650954413,0.01129320598020487,0.04746113507764033,,,0.00435769833118816,,,,,0.009767939549821102,,0.0138368598646807,,0.027129598985377874,0.551980608767103,,0.04461851827351692,,,,,,,,Control
15,,,0.0016479612196593032,,0.025493776511942977,,,,,,,0.03170865713197711,0.0835786280035807,0.0011856485195623195,,,0.035065661262717235,0.010847963210777257,0.1378475848983659,0.0032111962221855342,,,0.23471547339244192,,,0.021466844152708796,0.00015565979426773735,0.013393068254693856,0.10180067581861914,,0.004779201611478132,,0.0008350250922343913,,,,,0.025383953912256414,,,,,0.24372217101546187,,0.01873652365738502,,,,,0.00442432631768453,,,Control
16,,,0.003402738108195431,,0.006307467796144788,0.0002922281534237147,,,,,,0.013856073044731892,0.07770777325879381,0.004848344482622512,,,0.037347605338061175,0.000750391865142911,0.17506150963833414,0.004637520581809408,4.2164780162620885e-05,0.02047664963902207,0.05064655857217546,0.0006109858216387433,,0.0005990828454205872,0.016836356369862596,0.05665493887266913,,,,,0.013858998352446522,,,0.0006350943921145004,,0.005819849261919645,,9.300461078932169e-05,,,0.48224706402499945,,0.027267600189519594,,,,,,,,Control
17,,,0.0003583712714309036,,0.003804465396514439,,,,,,,,0.18206567412400593,0.014945841204433066,,0.0006303916530555951,0.041147656603721994,,0.05029793570105664,0.010371958217026021,,,0.01860846596588748,,,0.003074755141446576,,0.019564558297606782,0.019401004283969167,0.019484339426750714,,,,,,,,0.008790701527093872,,,,,0.5569793232341996,,0.05047455795180112,,,,,,,,Control
18,,,0.0016780060345346212,,0.024596121399617456,,,,,,,0.0007659425478050151,0.21130193431386843,0.001154767331130318,,,0.011539651835427498,0.0013226763329064247,0.24356886301541364,0.018331782334000166,,0.021983505027243205,0.04269625651812664,,,,0.0012482066852497523,0.025034050623100653,0.19108347917424323,,,,0.0027179795419845676,,,0.0016137258292065184,,0.003956647174841617,,4.888764351260429e-05,,,0.1743055867953499,0.004201952578985792,0.01547180098935149,,,,0.0013781762741003347,,,,Control
19,,,6.311033120219854e-05,,0.036406977215941015,0.00019117512666120529,,,,,,0.0005101076932723157,0.2163536899668097,0.0018201593248997718,,6.80280193478244e-05,0.09878662192116865,,0.023269270883065168,,8.08344988937251e-05,0.0016265253541657533,0.0016416882259481,0.000529163734836616,,0.004364038421897483,0.0007438003320259114,0.00797044551385948,,,,,0.0003449553330483807,,0.0065164490521361015,0.09190862033849267,0.0028064631536068585,0.006305910528401495,,0.0009164316763046524,2.755954398277825e-05,0.004992990245355757,0.39116418480508136,,0.10052481977697467,3.165761743746647e-05,,,3.432136518301381e-05,,,,Control
20,0.000683697878570313,,,,0.022490345646636625,0.00011033546701003245,,1.5617749403660394e-05,,0.025577940996367468,,0.001579078058410383,0.00013426770170772787,0.0008553807641011982,,2.224686605701265e-05,0.0004598809230876403,,0.03774765087700967,,0.00015898644177107525,0.04709425592659882,0.00940154806727542,8.078533684339441e-05,,,0.0100806392715612,0.06190606204628471,,,,,,,,0.09304729256763664,0.0004988691176421019,0.05040207277871223,8.494257949041193e-05,6.505522953035516e-05,0.0004787570518632874,,0.5894565584997074,,0.030749663207166638,0.00015819993640542332,,0.013326659273516228,,,,0.003333209739633016,Control
21,,,0.0015218802244913409,,0.023117216969142783,,,,,0.00013956596208267868,0.001533595615469084,0.022769728285446416,0.12416378850072235,0.0027595348765661314,,,0.010919864993871832,0.055942723759128704,0.062081894250361175,0.0169826307613364,,,0.17195137766376156,,,0.008516885494889184,,0.02737397881266448,0.036910103322617314,,0.0495773952855433,,0.003756871204149653,,,,,0.02498852146366593,,,,,0.3202295157152801,,0.021656358650700726,,,,,0.013106568188108837,,,Control
22,,0.00032959556014112784,0.0003026187618193457,,0.2813832353339494,0.0017760088153215164,,,,,,0.0009928114446891333,0.09550667702952817,0.08949008956188267,,0.0017279291989576947,0.07942458924289289,0.0007705791907721947,0.08624493301214989,0.029112316485706374,,0.0006467904952472429,0.049247885775014585,0.0025309240586810625,,0.016139739815306833,0.0006175293712611164,0.003197947152669643,0.012711619657601338,,,0.0007079234011216039,0.002792751290779973,,,0.002164670510497836,,0.08031243048443476,,0.000352003707134221,,0.014158141690194316,0.06739130553018928,0.06788820075089047,0.012078752671165337,,,,,,,,Control
23,,0.00027893280818576144,0.008242125674615271,,0.12615627702126864,0.0003837964365917187,,,,0.0011137317144047968,,0.06353380652305088,0.14575488926667446,0.029561878871845085,0.00015240773111543796,0.0014575377842315313,0.030476880680298347,0.06225733623278303,0.09637622848185015,0.05253789975925798,,,0.12151739447653051,0.0006681723780316032,,0.007116507934533102,,0.006500434117648104,0.058287292572189266,,,9.542145847533614e-05,0.0021528147441816237,,,0.004770073164597682,,0.007082071785374366,,0.0001660711064268074,,0.0032381088644424317,0.05019657486952032,0.00947971644163939,0.10878779422912345,,0.0016578228711128249,,,,,,Control
24,,,0.00023814833919260246,,0.018625075467414008,0.0025772852863849716,,,,0.001175013016490512,,,0.1076466790103192,0.0026315290655914165,,,0.14000339578156812,,0.07347370305947014,,0.0003309072181329896,0.004983067471598643,0.009181919116677359,,,0.0030651768246377255,,0.017535662764206525,0.009059316076686589,,,0.0001377267702527921,0.003783352362346832,,,0.0044870091190043985,,0.0036819225447228855,,,0.0001321814024900516,,0.571368479806997,,0.02543357718163841,8.549948841461767e-05,,,0.0003633728257621249,,,,Control
25,,,0.003153132784408034,,0.01165622564319282,,0.0022272528076195566,,,,9.232570873358188e-05,0.017071967785042247,0.1134231823349864,0.0023730854611873726,,,0.04505284755042583,0.006348126884480498,0.17842257959499017,0.0038125271928063998,,0.023295035300419986,0.11369806114962502,,,0.018484026550775523,0.0003734994580585812,0.037921735706537694,0.08683138482373082,,0.018882286085267198,,0.001928558156750798,,,,,0.018572575298697276,,,,,0.2710462485703941,,0.022988471981193255,,,,,0.0023448631706767674,,,Control
26,,,0.00017466536554799542,,0.0040944152317913644,0.0078567031578304,,,,,,,0.3701165167759202,0.02693115280254425,,0.003325017332451034,0.01289801515986081,,0.01142105049579766,0.03723681415635465,,,0.0314219551935775,,,0.009492445318153572,,0.0043949691922070926,0.0049922316414911395,0.3374482240145043,,,,,,,,0.021274059369830442,,,,,0.0901218640053035,,0.026799900786834082,,,,,,,,Control
27,,,0.0026453641471010643,,0.0346429313288558,0.0018352289162788687,,,,,0.014631770859594977,,0.0428516422367549,0.005686266326046378,,,0.1997774661295681,0.0011862522126124884,,,,,0.04273837288271351,0.000243064694774676,0.08550835020712973,0.005601223839785264,0.0002305194202056605,0.001017494144131212,,,,,3.860084482774011e-05,,,0.04032039183717585,,0.03424715204173137,,,,0.0006495798418668141,0.007609312164308356,0.4768989625299186,0.0011851665638517082,,,,0.0004548868307668999,,,,Control
28,,,0.009596293878743237,,0.06386089979715011,0.0017022816017189175,,,,,0.002571754353482873,0.03144554186758604,0.03315879217123119,0.007133414048083743,,,0.006055028149446938,0.12230610458027603,0.11317364460613574,0.0766340547523069,,0.012590241694331322,0.15379237283186598,,,0.0480298129318355,0.002303427404509579,0.03836567560043741,0.10686156289580637,,0.0014023688536802586,0.0016649067655258162,,,,,,0.01231480540151695,,,,,0.1344539419635825,,0.0068719933188417836,,0.0001621946016314725,,,0.013548885930273383,,,Control
29,,,0.0001584149288786107,,0.00029518683142086473,,,,,0.0003981916049105622,,0.0003541039586698356,0.02560009298485389,0.0004681306437197147,,2.144262794435337e-05,0.04701095778407474,,0.08778020705161861,,1.613207055626586e-05,0.010722015366548703,0.015348512843532943,2.3446611864386403e-05,,0.0007447806238802738,,0.025994276621924377,0.009965511436736232,,0.018464507440792293,0.00024358424548001428,0.0025781253131224877,,,0.0012399650505204348,0.0003868690957623757,0.0012779405458050608,,6.953824202514602e-05,0.0004995931912642334,,0.7357837380712858,5.330597227287848e-05,0.014321471084516018,,,,,,,0.00017995775601896573,Control
30,,,0.0010177146495390442,,0.0045072975123895374,,,,,,,0.004783471997419529,0.02321174990994641,0.00026440078408788373,,,0.041687224123663644,,0.1918585466969846,0.09114854178146446,,0.012467029831208768,0.16943776619601972,0.006988198996251395,,0.021027119400653667,0.0004080196360972332,0.11644900713699423,0.01000449938071348,,,0.0011618409886579673,0.00355342474123486,,,0.00043603292454569997,,0.002508914772310326,,5.460561299012723e-05,,,0.27072813337004836,,0.016330224704127407,,0.0049802754985121996,,0.004985959354139425,,,,Control
31,,,0.005385211251837711,,0.0014128579108231528,0.0011101760074213043,0.0009623784984307172,0.008516382105963522,,7.918824143971002e-05,0.002056737399260951,0.0012832398035638609,0.010306282862863426,0.004011382565070447,,0.00028850813256049983,0.015975893907887333,,0.13031652495292356,,,0.014824942632176062,0.06996871704983437,,,0.019133974384914838,0.00022770470982080038,0.02168607480423249,0.03981514937819256,,0.0009641245426647963,0.0025731556586109663,,0.0006545611708109883,,0.0003587607358610987,,0.003933837659380458,,0.0001512895974587456,,,0.5748563056949596,0.03757261233072872,0.030963834904738908,0.00016114961195707524,,,0.0004490414936114296,,,,Control
32,,,0.002561818395316052,,0.06102737469499338,,,,,,,,0.1497088181862148,0.003016065861541051,,,0.031895865762452714,,0.023193881683427585,,,,0.08580339858685522,,,0.0019283557140322885,0.0004803977426758276,0.039127881212722614,,,,,0.0007779454828325454,,,0.003429220036200464,,0.002882083557099937,,0.0003279386019779504,,0.0014439193186227429,0.5879359586797361,0.0019465296513340228,0.0025125468319646843,,,,,,,,Control
33,,,0.013248416563771893,,0.03677161116881929,0.0015758824451717849,,,,,0.0027769339317562664,0.0715877112609346,0.06898012497631786,0.006526264299106938,,3.154214765889892e-05,0.009674354376131023,0.3587138398369363,0.07029928087986465,0.004192655763087236,,,0.12428933193527103,,,0.015057751732878637,,0.017293365247045448,0.04237192458956419,,,0.0007295525220652124,0.0030575467599579273,,,,,0.04450301008042125,,,,,0.08306650105507972,,0.015307434882307975,,0.0012798558166578471,,,0.008665107729194025,,,Control
34,,,,,,,,,,,,,0.010901761098184807,0.001666878807370769,,,0.01056563937917823,,0.004020246997847727,0.01790178494465812,,0.002246420370793046,0.009106978479435307,0.0030123979982588974,,,,0.010774476675723161,0.009369599380280742,0.0008556857889574724,,,0.006390751615030793,,,,,0.016988599217897613,,4.593801135071483e-05,,0.00045401207622571644,0.8894590019765732,,0.006239827182233614,,,,,,,,Control
35,,,0.0010249973342764567,,0.006817353347920499,,,,,,8.349725884485042e-05,0.04001334738684524,0.06692432114851647,0.011954717498742723,,,0.013623343763896132,,0.07531097656182233,0.06702871808575993,,,0.05094783592453837,,,0.004598030702439207,0.005487281581874339,0.15417165189942061,0.011372367236568433,,0.024214712338754166,,,,,,,0.006228104162779682,,,,,0.43979213545101864,,0.011946601118782107,,,,,0.008460007197199934,,,Control
36,0.0006791198366343402,,,,0.000823865082995962,,,,,0.024810477952011138,,0.004164032049243857,0.019872700364910383,0.0015698443928458155,,,0.018310674621106263,,0.1191963070315316,,3.1374835257055125e-05,0.005190079377330809,0.04512122314143696,,,,,0.02388476995329259,,0.0612817692760773,,,0.013441059615394641,,,0.0003851185848485808,,0.021254496224394424,,0.007480843307456945,0.0008283758420584778,,0.6205782031301059,,0.010072424747507757,0.0010232406335591653,,,,,,,Control
37,,,0.0006950362825487972,,0.0004482217141524038,0.0008381201165578266,,,,,,,0.046904051290610115,0.013152209515095138,,,0.02545257578145669,,0.07780763680196937,,,,0.0305264011872931,0.0023859077962930185,,0.007294450183718429,0.0020792563353949642,0.02612652283882362,,,,,0.0010648545136088062,,,,,0.004922366424984817,,0.0018525219383439843,,0.0046994664325123595,0.7507653168822576,,0.0026436201461231034,,,,0.0003414638182556808,,,,Control
38,,,0.006404331756487046,,0.030225259340301135,0.0002386252841300035,,,,,,,0.013764384615159393,0.02827282628957691,,,0.09123476628873757,0.007189135668965734,,,,,0.11726407571985296,,0.47040046104942423,0.019533968235997966,,0.013597249319015165,,,,,,,,,,0.013289939967929546,,,,,,0.18103436496883232,0.0075506114955900695,,,,,,,,Control
39,,,,,0.0025242106357615136,,,,,,,,0.18320961195369995,0.010787494619775248,,0.001800904088109375,0.023212220304690247,,0.05691944733009133,0.06158162430750736,,,0.007419376261541877,,,0.0039966668399557285,,0.016921426631764446,0.0169637973102933,0.03263213366216185,,,,,,0.00098153730237409,,0.005444181439058494,,,,,0.5140294525297648,,0.061575914783450265,,,,,,,,Control
40,0.0008559408646359646,,0.006877596114234724,,0.00494882537449448,0.002486950565480018,0.0006516440089295745,0.032222781270472435,0.0007695326302351748,,0.0012789721328016405,0.007199238825955254,0.08406066596215732,0.017897468379851032,,0.002853208584158744,0.018575382228887383,,0.09427507453524364,,,0.007536187518895016,0.03720666928279536,,,0.15363622893188678,0.00020017183949127697,0.011083375804717391,0.039126755777872224,,0.001936912219112177,0.0008502961056047572,0.0003015603959364249,0.005291635932582037,0.0007108054256989595,0.003377845514886152,0.005539245458547115,0.02460897831489831,,,0.0018540862356350382,,0.3898455127150911,0.0034645794084618197,0.03792529052869138,,,,0.0005505811116593041,,,,Control
41,,,0.009743745925837216,,0.05294896944578012,0.0010089030271751343,0.00028733169161163704,,,,0.006208735329214642,0.039861091945533424,0.029460819446479197,0.004194475328886379,,,0.008334746689150675,0.10073407370888679,0.05983520372485618,0.056827136755903604,,,0.18629144146690726,,,0.017990449159412957,,0.03446460561901642,0.047074069773779974,,,0.00012390925911178846,0.0017390862082206442,,,,,0.07260829294377802,,,,,0.2539967574882023,,0.011922137569469728,,,,,0.0043440174927858064,,,Control
42,,,0.004691702042609937,,0.14608554091008802,0.0008369510355430109,,,,0.0004463873209072402,,,0.48743177856528697,0.006070262976544913,,,0.03313624778909801,,0.01784319955115402,,,,0.06768763407364099,7.67826497813357e-05,,0.00347345763859898,0.0005446328373597368,0.007248705350813576,,,,,0.000953636479698899,,,0.000651241818289728,,0.004076937021197956,,0.00027669968018313365,,0.0017354692613962529,0.19704523838241725,,0.019687494615389958,,,,,,,,Control
43,,,0.010817175996983787,,0.03912670147040173,0.005892218854582679,,,,0.005765069611783921,,0.025634430505120046,0.2937104370655465,0.0193795289503404,,0.0018573064117728768,0.02120426617523861,0.06123125761924852,0.10996414369784079,0.01760547887057825,,0.001253913694674442,0.06330242064549972,0.0010492239043164745,,0.003414911597305082,,0.013084724749389813,0.05901741567168878,,,0.00026357315470752014,0.011474059828949218,,,,,0.0074443239456426745,,,,0.0038333501571517184,0.19415980556842502,0.008311289817448629,0.02006682506938746,,,,0.0011361469659753373,,,,Control
44,,,0.0002940052005398029,,0.009176243610096238,3.433267756906413e-05,,,,,,,0.26983357766249155,0.032534414964591266,,0.0016468544836299465,0.021749194220159564,,0.02555019634949451,0.06340658144263077,,,0.02097554429700298,,,0.006444415749482858,,0.005423043910886953,0.008313571788464117,0.033959271721874934,,,,,,,,0.01857154793282341,,,0.00013753326294628048,0.014072853131590877,0.4429320511749321,,0.023681445415853288,0.0012633210029395455,,,,,,,Control
45,,,,,0.004060099187939832,,,,,,,,0.1720956935946483,0.011644086585066072,,7.622705903301742e-05,0.056122978848604406,,0.05398942783122525,0.0347520775402617,,,0.008040038968563196,,,8.449507337257751e-05,,0.021873636911965214,0.03236483964387848,0.0047253718539449225,,,,,,,,0.004164860979388648,,,,0.0002445113996760148,0.5597102887775419,,0.03605136574489062,,,,,,,,Control
46,,,0.012288676372261453,,0.12275458477916762,0.00034712224071371735,,,,0.00022704275439769516,,0.023447832834713682,0.14324740481895956,0.0073682643643941635,,0.00040426421472693045,0.06226187454957481,,0.01953472605202237,,,,0.15165601914439145,7.818892885437866e-05,,0.008825689730062128,0.001593061296866586,0.011410906511663469,,,,0.000259375757487022,0.0012566150477389673,,,,,0.004153469107544041,,0.0020062730093037707,,0.004837952682378472,0.417366198305832,,0.0046744574969456495,,,,,,,,Control
47,,,0.0004999386093013819,,0.0024997931944655037,,,,,,,,0.20942440361389922,0.021270124481909576,,0.0018748699328387764,0.0516116510532661,,0.0572034123213636,0.065348646089733,,,0.010843119624933879,,,0.008186795171185911,,0.04257890607583644,0.022516165382736462,0.02596816536751396,,,,,,0.0023143191751493664,,0.008028761692524537,,,,,0.42553568642312156,,0.044295241790220874,,,,,,,,Control
48,,,0.007681622158477993,,0.033700812566348666,0.0004139226512634732,,,,0.031093664588582526,,0.042054039390418886,0.15958297345174574,0.0033086621628786676,,0.0005566726307921849,0.009731574611754043,0.1730757224325475,0.12184678106116674,0.03574616355508314,,0.010310208777858338,0.08398268887207959,0.00013908972364336014,,0.0042913885787257775,0.0002341517979229198,0.026306049890542655,0.048872364053651814,,,,0.0030187698967588223,,,0.002110712700972885,,0.002661319764869345,,,,0.0006944028308209858,0.19048389942327956,0.0002771336598909056,0.007537826391553468,,3.8066661207656455e-05,,0.00024931571516223353,,,,Control
49,,,0.0031471242019381045,,0.051891265615103564,0.0,,8.911609782090069e-05,,0.00030075398180387015,,0.019676464366614785,0.09823913991350702,0.003145479614204386,,0.0003241893570093665,0.0917301700236471,0.013224027180101473,0.08807671837319024,5.468254214615821e-05,0.0006452951120180097,0.005930486154524229,0.03131562290507789,0.00017062597737335078,,0.04017121391748815,0.0020413445244787634,0.01710710439287885,0.0014943135295504661,,,0.0015174405445558896,0.002389791550560486,,,0.0018114106019581691,,0.034068868344790275,0.0001359868482318934,,0.00095046892335625,0.0007220768018360176,0.4278785578856851,,0.053511287319550176,0.0006704778616905825,,,0.007549068844703841,,,1.94266926045562e-05,Control
50,,,,,0.004547671778982369,,,,,,,,0.032780703679174475,0.010109837299914274,,0.001213862421170146,0.011823826282087023,,0.024717905353229548,0.016657714464739223,,,0.0028896424160274763,0.0006072320687529108,,,,0.010928873518825096,0.013587958292232765,,,,,,,,,0.005830430720587403,,,,0.0005859714248923627,0.8432593128640132,,0.020459057415371604,,,,,,,,Control
51,,,0.000512278867749267,,0.004533394777930875,0.0014746703409711237,0.0005977445915094083,0.008145017497792482,9.34040358584898e-05,0.0018928235081256874,,1.4124009837321306e-05,0.015321045444774865,0.0005276400171343829,,,0.06374330591522812,,0.0750910715123361,,0.000699293129390879,0.018986586829927852,0.002887277514627887,2.9175874335488536e-05,0.03611292815982194,0.0015448780103084656,0.003185943620457959,0.026683141241644795,0.008627398826470045,,0.007967591067646277,1.18559206663646e-05,0.0010978582537053622,,,0.07998096866995644,0.0017194177815098154,0.05719120868018346,5.7423894010131145e-05,,0.0006275390356187941,0.0001408277185239482,0.2771141039578672,0.2570611028377405,0.03890432735949574,,,0.0070944798317902616,0.0003281512650525089,,,,Control
52,,,,,0.0005551042214192017,,,,,,,0.0006704166951605461,0.002883212930398795,0.00023774423933976282,,,0.015935682512472293,,0.15122478893305077,,0.0002886822712185479,0.0017591669907114297,0.03567717801699045,,,,,0.03319354787603447,,0.03251641297588204,,,0.007845559898212175,,,0.00036308388471078927,,0.002111622073494756,,0.010055147438528925,0.0005516949830651098,,0.7017275412913915,,0.0018642517493904984,0.0005391610185280074,,,,,,,Control
53,,,0.004553295176955018,,0.026187201082462464,0.0019983821368265973,,,,,,,0.0699393197193322,0.03362299316523498,,0.0002539350340587487,0.16559698679833737,0.00747404125277101,,,,,0.03367505149116417,0.004667713897523569,0.10284829184577012,0.01447473532725124,,0.0012543316637040915,,,,,0.0004243575536795318,,0.0009270765874419318,0.0012401937183464829,,0.025366433076391696,,,,0.0007285973700572126,,0.46705305269475267,0.03751618876940803,,7.803269065594699e-05,,0.00011978894787492979,,,,Control
54,,,0.007961901835652438,,0.073162632318481,,,,,,0.0011342646268089904,0.03990662930498806,0.07119705222468163,0.004007666644343736,,,0.009387219175922905,0.030235946527934963,0.1317941656340175,0.033743347091847016,,0.012416403107392813,0.16219061163220164,,,0.030075036835397587,0.0012452297557608285,0.03186729801244225,0.0789479972486391,,0.008453655803604439,0.0015665363629753465,0.0001671655824320664,,,,,0.02764344422222931,,,,,0.2347907266380202,,0.003270907414778114,,,,,0.004834161999448046,,,Control
55,,,0.007210438178749268,,0.1635199544438459,0.001587251531006567,,,,0.0008224409196144856,,,0.5114961885913551,0.008071769481185168,,,0.05152532413773926,,0.004269176661377508,,,,0.08319468979025695,,,0.007362372627699241,0.0004555010899886181,0.002864085265451547,,,,0.00011203654325754111,0.0008188138372788099,,,,,0.003567638486285549,,0.00023586110410602848,,0.003191832455394697,0.14727062558001836,,0.0024239992753895515,,,,,,,,Control
56,,,,,0.004950070234096279,,,,,,,,0.18626571545547108,0.00988199549042166,,,0.03280702204624825,,0.07956883522876508,0.03775117761908218,,,0.01510925281588,,,0.004519101949913446,,0.011853382163707397,0.026920831356767157,0.01710389714023121,,0.001062934802789154,0.0004145275308434548,,,,,0.0064635217777827695,,,,,0.5215478127181659,,0.0437799216698352,,,,,,,,Control
57,,,0.02258879835064231,,0.240848257438036,0.0013218023448485605,,,,0.003181496442020182,,7.199804165326703e-05,0.21926824866959368,0.016908306051522208,,0.0002783924277259659,0.055948197357968035,,0.031819355790118256,,9.773351186124334e-05,,0.1158565933815111,,,0.014113148037267003,0.0018560176014276247,0.01757763252669315,,,,0.002247870772808597,0.00014910232739541823,,,0.013684223533800732,,0.011206061152583458,,0.0003864405526467552,,,0.2277844425610347,,0.002179957726426437,0.0006259234004154236,,,,,,,Control
58,0.0006614328753639175,,,8.833303195982398e-05,,0.0029706672470346317,5.8111167982754476e-05,,,0.015108396597261514,,,3.904502560795894e-05,0.0013280379489252528,0.000539024184691693,0.0013540003555632721,0.22241872068010146,,4.543421161653404e-05,0.0,,,0.0005645809287259933,0.0064980050020227356,,,0.000883735982201959,0.12851898364074277,,,,,,,,0.009823424196009676,7.291785301849993e-05,0.05666173549966629,,0.0014176893843471639,,0.03707005722175273,0.47373076031009254,,0.024265317135360787,2.2514274506407488e-05,,0.008709778933149946,,0.0005526138819162811,0.006596682430377396,,Control
59,,,0.003944705696427894,,0.026727564557411054,,0.0004013439596287048,,,,,0.02671133715548941,0.08340202416683919,0.006251890828241426,,,0.04644416796994066,0.005606515684300754,0.16946989005573443,0.01897758478998383,,0.019492623922311884,0.10930033747828036,,,0.025552473267939323,0.0015713706459529228,0.026108752740182862,0.09871738408492908,,0.012034220593234538,0.0006435146774783197,0.0013681663645648118,,,,,0.016472259979929706,,,,,0.2793748791342795,,0.01678998630800043,,,,,0.004637005938919026,,,Control
60,,0.00012882208511057726,0.00035672230255938506,,8.451385201521947e-05,0.0007093419909432741,0.003975330570701325,,,9.005238115213919e-05,,0.005920482516658408,0.003114191855264695,0.0007779582130284463,,,0.045866918785983125,,0.16487278152420526,,,0.029139227442878533,0.027087202397649782,0.0021664879807250983,,,0.00012636051660527958,0.0710278412628831,0.02199257611451873,,0.0020814613019379423,,0.0100222761693194,,,0.006635773298156151,,0.0003240039545098037,,2.4820815761751345e-05,,0.0009180624871216377,0.5927436447685874,,0.00949119276430143,,,,,,,0.00032195264742205566,Control
61,,,0.002262118708032852,,,0.000827624310181309,,,,0.0029548829987318865,,0.02330395418350164,0.05777344067592411,0.00271658269199165,,0.00040468207056443403,0.03199151014352391,,0.126215512635884,,,0.010899076657719862,0.02502204226831288,0.000213613374278277,,0.003467391877611573,0.013734503466728797,0.02800538664785835,,0.007920934896172575,0.024421190895581722,,0.01032944099297779,,,0.0012091496300479544,,0.0030616896858710256,,,0.00032184823106397515,0.00024146268238618989,0.6042993823064265,,0.003022313008473024,,,,,,0.01510728053342544,0.0002729844267281133,Control
62,,,0.0010354125323501935,,0.013496885044551314,,,,,0.0003821410940439533,,0.0015258819602888963,0.03849658843125612,0.000456217040459601,,,0.08585195849889941,,0.23116544264246855,0.055928474412073756,0.0005513396346033712,0.0032532546216220257,0.20929446787832767,0.00014185853248121916,,2.713366839458956e-05,0.0011841834442323155,0.16144635864622595,0.01618425308387553,,,0.000968455305019058,0.0038570045358620945,,,0.000586830060184127,,0.0038923917916010454,,7.634568293534706e-05,,,0.13376485839165433,,0.029943189526610334,,0.0035504869358608552,,0.0029385866041182307,,,,Control
63,0.005839841451592115,,0.05694573901153809,,0.0012051771061179736,,,0.024354589554260054,,5.0807218360832105e-05,0.1337391684427401,0.009958588381211043,0.11487418675762157,0.13103835384612514,,0.027205957893517783,0.0036284199141881027,,0.014624260073184805,,,,0.21637150536931432,,,0.12115691024867517,,0.0030080861929516196,0.015396455075771868,,,0.0017500471647891036,,0.0017401472288585001,,,,0.07124647665016055,,,,,0.0205365765274387,0.0014644433527533963,0.023864262538829235,,,,,,,,Control
64,,,0.005178355468811599,,0.01292577286156805,,,,,6.681683776224851e-05,,0.01086708645027311,0.016100027535410903,0.0004584180926653509,,,0.017162324279803444,,0.3674865426238861,,6.641249986353597e-05,0.023646084654608504,0.025581953429169503,7.530793363521202e-05,,,0.005695503641264947,0.07850816701904713,,,0.0033526687716497667,,0.031766705927876636,,0.0007517652381813044,0.0010917123265238788,0.0029086046743887115,0.0021416767650056867,,,9.188578748242647e-05,,0.3795509746767218,,0.014525232504400208,,,,,,,,Control
65,,4.104665726961751e-05,0.010008453012136922,,0.009573401766089286,0.0003901056978500323,0.0012669229465434974,,,0.0003284815606827175,,0.0038157145881877676,0.0008350124737434062,0.0006116926655905004,,,0.012263636506398782,,0.2839681395629668,4.7111598713149374e-05,5.9566389177545196e-05,0.008259367220832639,0.08036393980762221,,,,0.0009831703290068279,0.06486714799919206,0.031569211541366965,0.0005880827149710371,,,0.02620585385982079,,,0.010377981230089256,,0.01794280435311172,,2.9891497114549953e-05,0.003047741377900544,,0.4107351629601028,0.00048389568517322174,0.0009185137211177466,,,,0.004923974334467441,0.00036627914217901423,0.01397719906924809,0.001150497731332841,Control
66,0.0008574661379180595,,0.00649195115974419,0.0008288054576486245,0.04459008164404212,0.4678405671866738,,,0.0008689304100258335,0.019808829168219973,0.21159873164206655,0.021700434066002677,0.0010153045985447338,0.007546152395797445,,0.001751884081469212,0.0012091736286529828,2.4566297373801393e-05,0.0,,,,3.285742273745937e-05,0.0710169689651918,,0.0033455202640221868,0.0,0.00015630306704081135,,1.4739778424280838e-05,,,,0.0023183419550801155,0.03256897346246198,0.006028774094675644,0.0008485608551200565,0.06875574365150577,,,,0.02180248655967635,0.003438155677035896,7.881687074094613e-05,7.40059708385767e-05,0.0020401286373218147,,0.0003701322137652744,,,0.0009766126801809963,,Control
67,,,0.013915817699132225,,0.02329458269793734,,,,,0.05259963453241154,,0.03820534635252234,0.045827826223817605,0.001088306049259016,0.00023587882107682602,3.2944546376316764e-05,0.002035849036728315,0.07210569767151251,0.06472229812893567,0.08027098799971662,,0.007855467008050655,0.03310059405523406,,,0.007340953747715827,,0.03764425631972443,0.02380661737171094,,,0.00032221625295958726,0.0034542201963908056,,,0.009189462950191357,,0.0034807617274839513,,,,,0.4711617486345569,0.000991124801170884,0.006172093635216913,,,,0.0011453135401672508,,,,Control
68,,,0.008893740271160456,,0.17383288551731976,0.0052124388821371895,,,,0.0005177256587808789,,0.004376859391837647,0.3791812210662277,0.010388077893195248,,,0.060662969897199964,,0.019638392739344996,,,,0.07153399554903536,0.00027781880693806974,,0.008300089603642135,0.000339691117653535,0.007399099353484901,,,,0.0004246138970669189,0.0002914671107723636,,,,,0.00857558314400103,,4.670752867736107e-05,,0.013844637212413807,0.20421805379433455,,0.02204393156477601,,,,,,,,Control
69,,,0.013364950275669104,,0.0729657106241728,0.0006320090311740619,,,,0.010586048204808851,,0.035478051651793525,0.06673178462261836,0.005740954834544425,,0.0012644303317748515,0.008726197753482053,0.3472710289100844,0.0978799766202008,0.06991656594409235,,,0.08266496729208969,,,0.001955393890971021,,0.008345673072612086,0.038063084024734926,,,,0.0020558845637359767,,,0.0007573389368993813,,0.0026765561856750184,,,,,0.12086708918098862,0.0007632137762302557,0.010569763562453096,,,,0.0007233267091943192,,,,Control
70,,,0.004391598354863183,,0.025094258218307658,0.00078478877761333,,,0.0003863591392351677,,0.001691726879887391,0.03950292652862555,0.13447670878548698,0.005465872778589699,,,0.04356542324018827,0.03026992318416878,0.08729993663503782,0.0191276144752727,,,0.1893438332232545,,,0.0324231145312922,,0.015192631754656474,0.06511962070984025,,0.0015737042216003331,0.0012017884146730226,0.0006362287881610893,,,0.0004853991322033281,,0.04542943844117653,,,,,0.18066132717304573,,0.06766288519593515,,0.0019038375314942015,,,0.006309053885390506,,,Control
71,,,0.012290544195245572,,0.18681664231518041,0.0018849542811353779,,,,0.0014018015811053742,,,0.2971605257862426,0.02113674693307656,,0.0003229938586907016,0.05719718939760824,,0.019147730577009286,,,,0.12304542654385768,,,0.018207672287837144,9.304858134365654e-05,0.009392348503991878,,,,8.985775609846477e-05,8.697572039313025e-05,,,0.020973603126185302,,0.017330401205102645,,0.0011918246940024327,,0.002760475556477349,0.2050383130621578,,0.004430924037258547,,,,,,,,Control
72,,,4.1987321649998536e-05,2.9037015213372483e-05,0.029164697140896097,0.0011379070038494785,0.0009422359675335818,,,0.04747046116041221,,,0.055587268068105655,0.002661490321264726,,0.00023047498486432937,0.09644690131542735,0.0001469050386404768,0.04862637718415012,0.011582227970719353,,0.008037081583692974,0.07104335762594982,0.0007919921780149123,,0.005993057826355816,0.006158781279037015,0.02022382581190327,,,,0.0001485238269450551,0.0017829941432239138,,,0.0030134756032414623,,0.011419944443185382,6.72808889090338e-05,0.0010996631301538173,0.0002678082901386654,0.001172103906783694,0.5131649982355206,,0.06025524649289514,,0.0009428430131477983,,0.00025748851469697905,,,9.156271347770768e-05,Control
73,,,0.0017574139195223797,,0.06577873914083544,0.001185479088924957,,,,,,,0.09099888340243563,0.008954286511298828,,,0.23560909890654477,0.0014287461926204823,,,,,0.022207123004169504,,0.11094569502159558,0.08453866910609079,,0.0008505777398912076,,,,,8.758239095252082e-05,,,,,0.024511225584655315,,,,0.00023142322164500614,,0.3455717517179473,0.005343305050870252,,,,,,,,Control
74,,,0.020132327601913597,,0.03125294769884278,0.000762731716458701,,,,0.040456535432251084,,0.09272895746464062,0.1716958443302672,0.002713496686604303,,0.000496202478930135,0.002585750055960728,0.13444109547681146,0.08981837490044195,0.06233848172036294,,,0.05307159329304161,,,0.00737432261490169,,0.02265196591340923,0.0296440897662143,,,,0.0023202619482662586,,,0.007483953586431996,,0.0013293145721737227,,,,,0.20468924877276815,,0.02121145867495406,,,,0.0008010452943534323,,,,Control
75,,,,,0.0005152083451545085,0.00455448870549973,,,,,,,0.010199924484528092,0.03698229301096914,,,0.025722719612032884,0.0009324313744179412,,,,,0.03262626860128759,,0.0133711073433196,0.007983699410993719,,0.020348413234687657,,,,,,,,0.003923673095319711,,0.0005888421099641935,,,,,,0.812119295187411,0.03013163548441415,,,,,,,,Treat
76,,,0.007354717661948146,,0.00019925553407230964,,,,,,,3.069243985177931e-06,0.1384600805496624,0.011160899558984102,,0.00014425762291973016,0.04965700458995168,,0.05826242575466822,0.011574707089904894,,,0.13784975983730968,,,0.006722606986972601,,0.028965921887715945,,,,,0.0003003181422601655,,,0.017804215293079146,,0.007134396928761647,,6.789187428320168e-05,,,0.4546142799048903,,0.002991479405637538,,,,,,,0.06673271213299323,Treat
77,,,,,3.253674878858355e-05,0.036421391952228016,,,,,,0.00038830192797712583,0.18533118454407305,0.03324590098388655,,0.00758008386414787,0.1485722779975465,,0.009078538901989557,,,,0.34403877884650524,,,0.007265070242802601,,,,0.10385088080751076,,,,,,,,0.031910331038057536,,,,,0.03026567455644168,,0.062019047588044975,,,,,,,,Treat
78,,,0.013470647449064937,,8.934833405698299e-05,,,,,,0.005188040490548376,0.00031639860407976826,0.08850683978712237,0.004735840837657679,,0.00026827038733165593,0.023480799901830163,0.00465998436884986,0.11003910887564287,0.03521811184828675,,,0.13121799445394453,,,0.040327504725282855,0.0006347779164991484,0.026365189066342103,0.052827843273405416,,0.17331895843603665,0.0004648411711426569,0.0011238406226131167,,,,,0.02794036084059197,,,,,0.2092480071145118,,0.040439830887460566,,,,,0.01011746060769789,,,Treat
79,,,0.005422685834879204,,0.00016620625892794147,0.004544845498725209,,,,0.02552984247966454,,5.942929185225909e-05,0.09844925878189273,0.011565152430250551,,0.0003454533520469728,0.02210533337640569,0.0019072216777819024,0.1322109682009943,0.027369729563460503,,0.010656597460398076,0.1921942320564232,0.0017563708887955976,,0.007199993290465527,,0.021733306689585872,0.08811924875621371,,,0.00018440283827216036,0.0045076888444757325,,,0.00802043062206693,,0.00733378025297989,,,,0.00119441963180277,0.3075616172381975,0.007920234195282743,0.010441940132752505,,0.0014996103554060398,,,,,,Treat
80,,5.6309130943840093e-05,0.014211192550239133,,4.8453574357107066e-05,0.0025854645497860704,,,,0.001050743514464517,,0.0008765598190074803,0.06050118902813706,0.011000707454871052,,,0.02615694231024059,0.00037919964782772304,0.21851077095648286,,0.0017321812699365165,0.010653125564054568,0.05998089698137382,4.377197319050908e-05,,0.0008256150696353059,0.02652214106927943,0.0876413255114988,,,,0.00380102845712843,0.016112301213007177,,,0.0010349639883267038,,0.011170067163487169,,2.0534999768386978e-05,,,0.3591052680549366,,0.006141694193886097,0.009111926091323176,,,0.00015606444668417983,,,0.0705695614161258,Treat
81,,,0.004319396848784523,,7.013551563144205e-05,,0.0001097073998377554,,,,0.0022950015345369916,0.00030621626050374775,0.10854271452913301,0.008112310863864897,,3.396663443252588e-05,0.021983576057143996,0.0018478018267748901,0.12681145153659842,0.025196159659289504,,0.008869396559296977,0.0677971608583565,,,0.029395787901354605,,0.02524912185231463,0.06657065949465313,,0.3017407494264457,0.0005600470198614101,0.0008442559918548908,,,,,0.022600770732093302,,,,,0.14816535702225983,,0.018229055607524088,,,,,0.010349198867453347,,,Treat
82,,,0.0020838280514723106,,8.103470988501913e-05,,,,,,,,0.2964221816429884,0.003152957603528755,,,0.04101550885490084,,0.06405114504517517,,,,0.05097711723549502,,,0.0013881473596279801,0.003085463098254438,0.024587698776997083,,,,,0.003188830259173782,,,0.0024052304575404807,,0.0018528330318852509,,0.0003288672361445927,,0.002340846298131341,0.4829257771926175,,0.020112533146182072,,,,,,,,Treat
83,0.0007199686155836666,,0.03547611773681466,,5.655623605309979e-06,,,0.1264919227194037,0.0022059890798431137,,0.001329861641222189,1.9338987163331825e-05,0.08624553514571033,0.04980221552383204,,0.006258255936672888,0.029189906094758876,0.0030019321224282886,0.0504651807089084,,,,0.15877093425897232,,,0.15906796362866554,,0.0009457982981298555,0.04520863448113117,,,0.005626850122126435,,0.002590161624909599,0.0009948299845240715,0.0009701503383657354,0.004004217988202925,0.04647559578524183,,,0.0006389407507629354,,0.08511900758035904,0.0324156232092327,0.06420508229867825,,0.0017543297147507358,,,,,,Treat
84,,,0.0002769452307349225,,1.360208433727037e-06,,,,,9.634444657161433e-06,,4.31106004735901e-06,0.00032575512949444105,2.7392320348994234e-05,,,0.0018879075524741026,,0.024873779478040148,,,0.001172588158583186,0.0018134520096631471,,,,0.0016095344831784787,0.0041192172100520934,0.0026527161081291435,,0.8683734073610986,,0.0016581641693041217,,,,,0.0024507393330862057,,3.5072151054127234e-05,7.24732038383309e-05,3.742877780479982e-05,0.07603101710633159,,0.003788457714340048,,,,,0.004118662709640171,0.0010421973867195018,0.003617786692945663,Treat
85,,,,,1.619354917969477e-05,0.003475339703060783,,,,,,,0.307184277877817,0.030152960385910883,,0.0028298533292271176,0.024857717497868574,,0.02523687657633909,0.10821785898814966,,,0.01822560418767459,,,0.015150560650017903,,0.010416759052049541,0.008033703479480406,0.16069319362064324,,0.0005735196254645602,,,,,,0.018988351067592182,,,,,0.24003477227367045,,0.025912458135854386,,,,,,,,Treat
86,,,0.027033219796276,,0.00022838643324168305,0.001671289211842608,,,,0.01421140872101345,,0.0011119912885972788,0.1348527430684856,0.02784057412513588,,0.0006092358748211849,0.02727978643121499,0.04231758306809931,0.12103549490493952,0.1881744649089131,,,0.0918459850001655,0.0013553378606856973,,0.010999121298106523,,0.009265541567963538,0.0733104031045834,,,0.0010772799081615156,0.0005407163046907703,,,0.015307894872317585,,0.006459872806184071,,,,0.0011001197648716537,0.1681141495487118,0.006395678966491182,0.02717648798836687,,,,0.0006852331761192935,,,,Treat
87,,,0.013378048433896492,,0.0003021890206260531,0.004766448758125803,,,,,0.031086050332436575,0.0008373251872090564,0.1404277221162323,0.022898303555977124,,,0.04112251437019328,0.009430387722843511,0.11198792450053163,0.016827825108573186,,,0.14417519390417718,,,0.03698632223094911,,0.02463270695840205,0.05862198330382891,,,0.0007136964204101036,0.001386937179473075,,,,,0.026276617434129443,,,,,0.25352125725647434,,0.04737664022765984,,0.00011032152387096325,,,0.013133584453979776,,,Treat
88,0.00019152024550099191,,,1.8590303159663324e-05,7.069136895157047e-05,0.0005516572155238942,,,,0.014539589782882657,,,0.0013935037136426046,0.011409430770475815,,9.422207608620727e-05,,,0.0010907760071541307,,,0.00010385158563653648,0.0018731402223213286,6.075284323940334e-05,,,0.0031900425249229464,0.03142108966272419,,,,,,,,0.01117614921445968,,0.016810883476472454,1.9961170838703248e-05,,0.0010094267129320787,0.00035836487277926527,0.2069966728814117,,0.00010151107984305367,0.0025116264030449267,,0.004735712550938983,1.555475531141711e-05,,7.974437596366371e-05,0.6901755341837822,Treat
89,,,0.005865568085872194,,0.0002800222357377422,1.8295031646908174e-05,,,,,,,0.36186768420369125,0.004466802342098966,,,0.027568501726700598,,0.019343779257744404,,,,0.05845141984604876,,,0.005978253418158919,0.002594677784999966,0.013140054652860127,,,,,0.0021105631014202418,,,0.014209107738381384,,0.004896534541497496,,0.0005690559019403692,,0.0001717923576075059,0.37990738958475784,,0.014623359526386376,0.0018928966366755415,,,,,,0.08204424202577344,Treat
90,,,,,0.00037710439907948947,0.00507601587990096,,,,0.00015663547922216325,,0.00024316869113063462,0.28323496815089116,0.011533176469369202,,5.948182755272023e-05,0.08544272950362217,,0.013988959530055627,,,0.011192263955768021,0.2515404845480446,,,0.014127400567908722,0.002343817267646011,0.023598190455680377,0.002148227022928537,0.05773947652956319,,0.00023816057227971505,0.0029090112604312694,,,0.005843214824296634,,0.009732976453141287,,,0.00013027686544389902,0.0003068562515513862,0.20662120795264335,,0.011416195541848851,,,,,,,,Treat
91,0.0014144634749411746,,0.031135379154505177,,,0.0011746435013615675,,0.002585628268993676,0.0012872271197277303,,0.03784116727728301,3.3560047452237876e-05,0.12300603629487321,0.07818162763307104,,0.01035695498207598,0.0020440040825092697,0.0004833360939786274,0.10713258942822824,,,0.0005825253512091916,0.10306060439990598,,,0.05030969759596256,,0.028716518005600704,0.10134844791160712,,,0.0031540279602205955,,0.0022437662143481077,,0.0005087345901077739,,0.07301479854074977,,,0.0008610327666805422,,0.18475941595318962,0.036197530781435436,0.011708063817842937,,0.006858218752138761,,,,,,Treat
92,,,0.010907374586516031,,0.0007408749585255253,0.004081088884460092,,,,0.0006011575072978414,,3.229390336616831e-06,0.5292386013853453,0.013603224467605016,,,0.05609664937640409,,0.014219696541404984,,,,0.10012614961420238,0.0037010202380144096,,0.01067267277766198,0.00019763083438461185,0.005834242116418052,,,,0.00017611751477447882,,,,,,0.00886604010712516,,,,0.012890367860184508,0.22652188563505604,,0.0015219762042829699,,,,,,,,Treat
93,,,,,2.7258451829375105e-05,0.0008512655898392224,,,0.0006542373501128028,,,,0.2241659412588088,0.030145719117454083,,0.002120892457156181,0.03141136159165221,,0.04771519940444351,0.05155555671203319,,,0.023204109425818728,,,0.009812763373068276,,0.00842669261685335,0.007242530981935411,0.07165761687518248,,0.0023998995853026428,5.7873310051086855e-05,,,,,0.020292016105089773,,,,,0.3686191176839131,,0.07787755336316872,0.021762394746287068,,,,,,,Treat
94,,0.00040469587610799957,0.008481532818240923,,0.00013768354672502782,0.0018796608967120846,,,,0.0014803169356792333,,0.00022543845162771486,0.16470233967434178,0.007219050213173565,,0.0003394480604045996,0.011491358760077348,0.001420925685116465,0.20497948608350341,0.016242834512007143,0.0005920129037381795,0.013222076998953393,0.06324506075995955,0.00016511227359499144,,0.001312927251413966,0.0017307182388760513,0.019546446430309138,0.13009480712883156,,,,0.008265975898299327,,,0.0013458358355994506,,0.0038277579840659557,,0.00017023644760311182,,0.0016611433428991268,0.32081770241640883,0.0037890420026712676,0.010011838918132707,,0.0006902831741605779,,0.0005062504807654849,,,,Treat
95,,,0.05593710179110052,,6.060520556448634e-05,0.004297698275056866,,0.030094790837143476,0.0040251254814215945,,,0.000701879264032837,0.03814458273001843,0.051127999571437856,,0.0020917523102300965,0.09707103338672654,,0.014230709945094434,,,,0.07522745139101795,,,0.31487264818270533,,0.003998499423264379,0.023890460216544385,,,0.006047328691465174,,0.00890400633625489,,0.06382036605300084,0.0011715465589174163,0.04719250750131275,,,0.002365472778785939,,0.11301246756842195,0.0029790197913224315,0.03873494670915942,,,,,,,,Treat
96,,,0.0031717465128362514,,,,,,,,,0.00015445941607824843,0.016191517439842696,0.009266422646316623,,0.0012249447000227992,0.02441430860534352,,0.06278098842468162,,,0.005322499971772452,0.018893979652909627,0.0005552588710788833,,0.05500211623061042,,0.0042122909354362645,0.027592898097224757,,0.5308120128436647,1.6618663394966574e-05,,,0.00029759241200150665,,0.002655693281097816,0.00250077440963576,,,0.00040805764515628443,0.00040744023351312785,0.17105132318803756,0.052056548183050555,0.011010507636293644,,,,,,,,Treat
97,0.001215133507354171,,,,9.231265723067272e-05,0.00037730552817037466,,,,0.01968978968004764,,4.927091613975698e-05,0.10566219127227351,0.004590245464022467,,0.002054292957303456,0.20006097203774062,,0.0014433975267126489,,1.4063659960474925e-05,,0.0011275893045232855,,,,0.0006514220720153713,0.008241804038375366,,,,,0.0005893422475744582,,,0.009667143492831072,,0.03417244684703732,,0.0005185246462350254,0.0005076232293425863,5.3175613696706976e-05,0.2801539315972596,0.0006280381166964751,0.10200813619023533,0.005380697459536384,,0.006474110163343363,,,,0.2145770397743419,Treat
98,,,0.08271552011214042,,,,,0.000527139893034188,,,,0.0008593688712629846,0.03774100746173098,0.022570607013223762,,0.0019095303240029356,0.06665765629941107,,0.009955028826744067,,,,0.2547781458567552,,,0.33015500891154986,,0.002650425328616679,0.00729701047478818,,,0.003092316277797018,,,0.0010694658327467942,0.002723594462612695,0.0006198668144190755,0.0319681238535768,,,,,0.05190498718036851,0.014489329264141806,0.07631586694107696,,,,,,,,Treat
99,,,,,2.169731125210428e-05,7.773654586791823e-05,,,,,,,0.07779617101959177,0.013665453917265388,,0.001288656221750241,0.01219476800892129,,0.03372606147443966,0.0064805213911957845,,0.0011389828461328224,0.0397560364976994,0.0004933828676878735,,0.002608753009826643,,0.005515937026237846,0.03349356408267501,0.08919617442147862,,,0.00851856198508898,,,0.0007622047972468262,,0.011997068913867148,,0.0002752321421108884,,,0.6497116719246906,,0.01128136359497325,,,,,,,,Treat
100,5.01869271817962e-05,,0.008086691781795748,,5.993381155180334e-06,,0.0006364736413464031,0.005218014155441603,0.00010625722415755075,0.0009179839717906523,0.002581551352015663,0.00012045381162003238,0.06664110794009935,0.01247158511762622,,0.0016894185505317966,0.022038390112435368,,0.07664372800949429,,,0.0005233524857625676,0.028598347432698932,,,0.1457194813406935,,0.010341716110246722,0.02537853960000536,,0.20144660830319885,0.0011649072192037526,,0.0018518352136316773,0.0021743508487004847,0.004530818735113953,0.001685942013835367,0.01607684281379063,,,0.002146360271195895,,0.33034497399310103,0.0012469178284528694,0.029561169813676867,,,,,,,,Treat
101,,,6.310261516208266e-05,,3.42293592197542e-05,,,,,,,,0.0816791945016837,0.0012088759421500107,,,0.02532754627887547,,0.009395199477671432,,,,0.07284685414512894,,,0.00014301908925980854,0.0007250217003694825,0.00888885923177215,,,,,0.00715541114849144,,,,,0.00042429671735788805,,0.0006110723551731054,,,0.7875621654285964,,0.0039351520090884,,,,,,,,Treat
102,0.000587944454620802,,,5.6233103283534145e-05,0.00011180716155690399,0.00010908989187716663,,7.637456677846459e-05,,0.008794601219326882,,3.9571679725338014e-07,0.0012741513091821897,8.347647009170596e-05,5.984226726239451e-05,8.580496298129329e-05,0.07688101398194983,,0.04916764088401481,,0.0005850338385088179,0.0031234403620924514,0.005862097274180596,0.0028787157593968215,,,0.01373042402202964,0.08964860619413509,,,,0.0,0.012636498062501512,,,0.05741027286386501,0.0011918390855352775,0.007187242577644749,,,0.0006258988887210756,2.0141463494930444e-05,0.5192806920462059,0.0017923574017598511,2.3401353540352723e-05,0.011659969954241633,,0.00040562346136611375,0.00020864336269345443,,,0.13444072603836363,Treat
103,,,0.01785282913108407,,0.0005043644448291917,0.011877020421941007,,,,0.003299371967442254,,0.0008108700182183221,0.2877762392530542,0.04179745883268025,,0.000605112436633931,0.03949961262734374,0.0065984699783454325,0.10242368823225086,0.03441336231970363,,,0.11308487822628534,0.0018644937121176615,,0.007982166073269684,,0.010424894306189795,0.06332020146603848,,,0.0003295778663186709,0.005080069824320586,,,0.0027961656394956055,,0.017255621963812348,,,,0.011317327351097174,0.14601894905006582,0.009960926860713707,0.060850739049457085,,0.0022555889472912777,,,,,,Treat
104,,,0.0006260814681243454,,1.482554963408343e-06,,,,0.0011873309706526534,,,2.2007475098880054e-06,0.014654200978540224,0.008259721845541601,,0.0004590597346151351,0.019658087397570124,,0.032534821791216445,,,0.005951421480635866,0.020837299664727086,,,0.01948059371317516,,0.0034672158733234626,0.0077406543024800415,,0.420016729879917,,0.0005224209205923874,,0.002098331866528005,0.0003029217702849328,,0.004882811840811529,,,0.0003925804958460586,,0.37628308104622726,0.047268739025094805,0.013372210631622571,,,,,,,,Treat
105,,,0.006507613511847658,,0.0005139644069062406,6.156288477670803e-05,,,,6.260436215075009e-05,,2.5336286230970305e-06,0.3700797272891854,0.009380933867121454,,,0.0563986613576664,,0.029262621217876025,,,,0.10041276810147405,,,0.008381925625998671,0.0013944224841340822,0.015105819272522393,,,,,0.000880048381065535,,,0.0018552183622935778,,0.00652161559654311,,0.000537865203838607,,,0.36958907572630345,0.0006642311252223761,0.022386787594450393,,,,,,,,Treat
106,,,0.01321631377269347,,4.808091124477635e-05,,,0.0025178363059637256,0.001868346227038656,,,0.0002492423407693376,0.03206953373037541,0.01690950455481786,,0.002384397456415102,0.04581757956768417,,0.12395447339609669,,,,0.027694277198700736,,,0.10646680127102073,,0.011211999529132186,0.06315380517435652,,0.06751414996982194,0.0007396295898786884,,0.004812600084820009,0.0012132919807707713,0.002873437182509149,,0.01585544892673059,,,0.001443850842121275,,0.42238201299390093,0.028900487511944285,0.006702899481193048,,,,,,,,Treat
107,0.005061733127628368,,0.011899039996097505,,1.2497728254005346e-05,0.02131196974491523,,0.001694599826253338,0.0002640286883230021,0.001644230981278928,0.013838768201226304,1.1494481614492065e-05,0.07748618388009,0.05119096046504938,,0.008223745304136179,0.026799295627413084,0.0004729572589980169,0.06476896196029387,,,0.0004352827612359958,0.0646592058485782,,,0.03675323474158452,,0.010247997228164895,0.05895121645476389,,0.13730978950045974,0.0023992839526096065,,0.0003349288339155525,,0.0026611060058194433,,0.05874906949026661,,,0.0018367838800668148,,0.25324975549847834,0.008639648052639165,0.07489876029891884,,0.004193470180926634,,,,,,Treat
108,,,0.0023989736298003685,,,,,0.0001637663063538857,0.002547704629551859,,,4.612999550525959e-05,0.03797512931196822,0.005479464642690201,,0.003177315891922683,0.045812329668839774,,0.031345120584791025,,,0.004454131597004065,0.01735174201379285,0.0003387623022863235,,0.038511035053522456,,0.005076505948313156,0.0084552699938422,,0.39648385766200434,0.0002419374232534738,0.0004533675231518809,,0.008982878242541174,0.0007651161832853542,0.0001282680098527958,0.006500118651051943,,,0.00044581867626852074,0.0001426794448119377,0.23645733473914032,0.1203460877267705,0.025686230457501284,,,,0.0002329236901822156,,,,Treat
109,,,,3.311454784590399e-05,7.178410939554007e-05,0.0031202716258210113,0.001102969170559725,,,0.003229115908865448,0.0006737192624116766,7.961871735075325e-06,0.1496984098276311,0.0016688079829204005,,3.8071403240717064e-05,0.10949418186286805,,0.022097523659649038,,9.906826268244458e-05,0.002675738080205623,0.002604827509974268,0.0018867030846507259,,0.0015105328363554664,0.004544266028408699,0.05538253225496354,,,,0.00021224979419734308,0.0029884330413617478,7.710663947487e-05,0.00022705151516796542,0.0034458406419608867,0.0020088344939618143,0.009280954429435492,7.256285536295801e-05,0.0006487284497961608,0.00040067914441405664,0.0011251373294087505,0.25512108574537085,3.745179631636543e-05,0.024664623992451676,0.009310121635871183,0.00020013303656557776,6.69863930437933e-05,0.0005929925587170978,,,0.32957942721693695,Treat
110,,,0.002680405202145619,,8.726061479960471e-05,0.0001977031570504628,0.0008456343965503403,0.009193645031141196,,5.606301593373779e-05,0.0032651017729969875,7.616068419147632e-06,0.012610110051339355,0.011793369140245641,,0.0014308136747959725,0.015542350596892122,,0.048646630570075365,,,0.012344276193498569,0.016063881457294163,,,0.0810513985707717,,0.021243607630537432,0.022959494500745557,,0.3783486710484614,0.00028927964556215265,,0.0011675312703248641,0.0012404200868586415,,,0.009440377467808984,,0.0010856089296984429,0.0005447008153266849,0.0009168682163037856,0.27748779350228897,0.04852740184369229,0.0209319855284408,,,,,,,,Treat
111,0.010056088893208906,,0.13307237714989922,,2.5630637210103496e-05,,,,,,0.003494934821686219,8.140093542993677e-05,0.16594553142929722,0.08891300119176256,,0.021799618328971513,0.019791978753620515,0.050278613257534625,0.0349638951180911,,,,0.0230939581268221,,,0.042867711452466165,,0.010153235440496237,0.01512643639741008,,,0.022816062151621522,,4.481114401549645e-05,,,,0.09633392728764224,,,,,0.1488596107157767,0.030462381613668727,0.08181879515336894,,,,,,,,Treat
112,,,0.0005590192340845354,,0.0003252883408169847,0.0005732631581204018,,,,,,1.168901393570588e-05,0.012331732018374422,0.001590388902927682,,6.91378158971662e-05,0.06496314089954665,,0.0009462348305672383,,,,0.007949753141709816,0.0009359353778028428,,0.0008054391199050217,,0.010444302514975714,,,,,,,,0.0018128132551800552,4.952502818624267e-05,0.0030652924525184175,,0.0005581426849130976,,0.012389584263689326,0.01674800588137154,0.8017751443684111,0.062096167697066065,,,,,,,,Treat
113,,,0.031867201257946835,,0.0007248707581803496,0.03996913046510365,,,0.0010133926599103238,,0.002089448641514693,3.731693269927491e-06,0.35035667285682826,0.03874974250004031,0.00041104296082861765,0.0009554675856033516,0.09107444530786124,,0.0034038384666888553,0.027913133813434087,,,0.27169702798402273,,,0.023030014512500918,,1.741305914749475e-05,,,,0.008394515983308592,,,,0.000347550445841834,,0.029216625669617982,,,0.00021108892109412007,,0.018999069004132896,,0.017815573263026636,0.041739002190096346,,,,,,,Treat
114,,0.0002589901554469751,0.006843962903855436,,0.0002142918505011452,0.0025836171456581586,,,,0.003896816879249773,0.0005559284717947201,0.00013056470448895627,0.34048322671130066,0.005381266752957284,0.00032666840418720184,0.0009001207082450164,0.021436239310357583,0.006183721472900645,0.16427082071455942,0.03951986737374619,,0.009111788506731071,0.06429941217187098,0.0010271382786485493,,0.002435329268507697,0.0016083252397052466,0.015542914093271125,0.06486126249043046,,,7.190813928649098e-05,0.003830347170665622,,,,,0.005196964379155773,,0.0005206390992373162,0.000188169702300952,0.0021039475577118013,0.20671475099593026,0.004339021722357791,0.023093389572368284,,0.00123706170375886,,0.0008315263488125253,,,,Treat
115,0.002081292086341083,,0.005145250729832404,,1.6867678493326032e-06,,0.0010497271674869745,0.00459225471201773,0.011563509977477507,,0.0007224256659002916,2.6307964098996143e-05,0.07768933604891348,0.07052871076449144,,0.007288777094705685,0.006881968127075827,0.020214075082437413,0.12204510345485978,,,0.02155109561204172,0.03929446944776651,,,0.06486437534820784,,0.030700042591201637,0.09364760216061775,,,,,0.005946548818117379,0.00048149010186849606,0.0014439622706786952,,0.03694798312963923,,,0.0058149677720778755,,0.3129584055159866,0.03201953630481593,0.024259302798045914,,0.00023979248544651034,,,,,,Treat
116,,,0.001077123891788877,3.5393013995012836e-05,0.0002778168888603143,0.0007247691085447583,,,,0.0003689485405474187,0.0006090329025432625,4.424576395013197e-06,0.17699657710918432,0.004673978322949707,,0.00023042217419898562,0.086604499746408,,0.008684941520230227,0.003672156481708082,,0.010583141327191242,0.002167900875029837,0.000192403565693957,0.05135704871103043,0.003191357615033991,0.0018794005502693015,0.016391691549808973,,,,0.00016982345290782126,0.002046493384886706,,0.0005240686641991514,0.001745600254038897,0.0004018209838128164,0.01530038944766601,,8.958528468173872e-05,0.00029123094305095136,0.00638912168067242,0.2558116731108383,0.25054893147496266,0.017238813362520467,,,1.942939937411684e-05,0.0021830560455867562,,,0.07751693403938933,Treat
117,,,0.012936785155892219,,0.00029311932369525435,0.011480455424953446,,,,0.00810017530646855,,0.0002791319007897051,0.19216008541003818,0.018808967746754345,,0.0006206578351005299,0.01175808137697509,0.004029651333327356,0.15294319715534357,0.028037935121643907,0.0009547995916279482,0.011785386765668895,0.12637238691830807,0.0007541367351804678,,0.005227775417688379,,0.026076773204389482,0.1004416657929785,,,0.00011099958008550506,0.009566284176613938,,,0.002942631888536787,,0.009936875452002386,,,,0.0027069165331149365,0.2386871977261993,0.0031328805967382593,0.01844459955995192,,0.00031229744557237626,,0.0010981495243607938,,,,Treat
118,0.00034026195077417875,,0.0010013010746536015,,8.449286012450338e-05,0.0009794709070800724,,,,0.0035338711350950303,,4.557340816336396e-07,0.02489667466648163,0.00300949607681022,,,0.027879559588605104,,0.025517030296246745,,0.00043867811946310484,0.004747520203418413,0.007323660391702877,0.0019685939956905893,,0.0022866649496751483,0.00563488945309116,0.021392571941714136,0.029349216985745327,0.0021365599957811304,0.2589933146373219,8.551652421365893e-05,0.001571321028773972,,0.009835212150306983,0.03491762365577164,0.01683818557620864,0.0375106326099084,3.8428311513732804e-05,0.0011125266805137718,0.00036714372737298715,0.0032325787396587204,0.35684205325357804,0.0172190408137931,0.0011348078846074147,0.001927611449784975,0.00011167664238028455,0.014728146527810227,,,0.00011609680027740406,0.08089711265996963,Treat
119,,,0.0015061069573769849,,7.311969744314401e-06,,0.0004901020664016001,,,,,4.796962557003016e-05,0.018957252826108627,0.0002128892821350064,,,0.012845783482493166,2.4822774759289032e-05,0.05573662398628865,,,0.004559071858593614,0.027007974102517623,0.0015483017604243667,,0.0007701435525484655,0.0038943563823744293,0.017488213649621026,0.004095842460054591,,0.6122284241279148,7.062915007302564e-05,0.007251583529587748,,,0.004716595194551225,,0.01769020064325915,,0.0003346707912096059,0.0003150172062706371,,0.07362227025008779,,0.010841235681296697,,,,0.000639865717844158,,,0.12309674097089346,Treat
120,,,0.013192473207521607,,0.00015511856273002934,0.0006735197775207135,,,,,3.1202986242950755e-05,0.00028363140933245027,0.029733043436244933,0.0010438892658246742,,3.57672528476377e-05,0.007509795311355281,0.005966971674232061,0.08104900988607472,0.02407708724638241,,0.010594990576127035,0.16911686597017145,,,0.0038739005340616608,0.0011340127846008563,0.03598484388468296,0.06951054390942613,,0.34817384428979276,0.0011695310774518751,0.005176127289711615,,,,,0.013980680556818273,,,,,0.1481726913212462,,0.008340906766736003,,,,0.0001957070389712161,0.020823843983892643,,,Treat
121,,,,,2.490026126524879e-06,,,,,0.0015644831804608106,,1.8695449515375877e-05,0.008604756686243591,0.0019426095996794644,,,0.01778513446659155,,0.15591168007966633,,,0.006290964226984851,0.02565506415557077,7.796625537929221e-05,,,,0.0154225387024389,,0.0611892265786291,,,0.011979822639526566,,,0.0026106792306966825,,0.008001063772454313,,0.005920971691915182,0.0004144313167616831,,0.6615059832838237,,0.0008750869019797914,0.014226351755555602,,,,,,,Treat
122,,,,,7.850165174927444e-07,,,,,,,,0.060881518636615374,0.014153763274014847,,,0.019635408371296684,,0.02785005426400731,0.007047199086356258,,,0.019945470690936582,,,,,0.044158209153527854,0.032460476388122446,0.036204890041212294,,,,,,0.0025128886377284053,,0.007259088375295164,,0.00015322613984791907,,,0.70340124126717,,0.02433578065735133,,,,,,,,Treat
123,,,0.011511847389075255,,0.00030212915663127,,,,,,,2.269500541526701e-05,0.36657482886953424,0.007088557942100975,,0.00012825952794798368,0.06683541868726131,,0.009014558933146864,,,,0.1399216031924582,0.0012420981101883017,,0.0055701914715402855,,0.0078107389692752185,,,,6.179978985036928e-05,0.0009475228102731666,,,0.0009277735057967468,,0.013081140436909406,,,,0.00318640604077694,0.35361573469624324,,0.012156695465574975,,,,,,,,Treat
124,,,0.0,0.00012101356934270279,5.774109237357516e-05,0.00327032010582421,,,,0.015422696074506725,,3.663738550622701e-07,0.000990127295909008,0.005000044386554782,,2.917930740068131e-05,0.01794778024960065,,0.03146308049371315,,0.00020926754816807627,0.0003066512489409023,0.0003581178187427174,0.0006139290474272178,0.05051582562018929,0.0038872028868226624,0.002433697448541486,0.040550465593311213,0.0034614177171752984,,,,0.0004770727252933476,,0.0005507370504183803,0.00559043307249004,0.004083581415770807,0.017742719534094634,9.756271492865833e-06,,0.00023513509368585818,0.002444885833281011,0.46325283246308613,0.04190094838491085,0.14676923101308945,,,0.0001468811148604847,0.00012395781246138902,,0.001320587427575619,0.13871231690908972,Treat
125,,,0.004505366316091075,,8.445951310899535e-05,,,,,,0.0017704466372288655,0.00019425216706733583,0.2133117366388261,0.0017447111265172935,,,0.02448333900458548,0.001519235498205049,0.07981129620704082,0.009184621218071155,,0.014298771473359626,0.054511637235999416,,,0.001857130097294533,0.001018117670380102,0.024038445057588467,0.05645866773219858,,0.21956130848764666,,0.002332628435408007,,,,,0.005350290954925735,,,,,0.2382247543391433,,0.013964035945523295,,,,,0.03177474824379013,,,Treat
126,3.0482396615753146e-05,,0.00031004951986308917,0.0,0.0001524761208459912,0.0001806081999483374,,,,0.0007200377543449688,0.00037057885028579895,1.8558823316612188e-06,0.437006524453657,0.004035978177627914,,,0.04358405727831045,,0.0037460688126716634,0.00016362515040527494,0.00022295695810379442,0.006280244628462741,0.0009235077517551209,1.469686979688098e-05,,0.0016089262128007706,0.0017681967351180806,0.013089903166719794,,,,,0.0005343128663932728,,,0.008637404812478051,,0.03227127783428906,,,0.0004746544615881562,,0.2206598917873931,0.09439570852562036,0.07490123609852643,,,0.0001072327166661316,0.00011111643271518557,,,0.053696389544665137,Treat
127,,,0.0007381749091116543,,2.406645817865012e-05,2.9742521885374686e-05,0.00027843502573369686,,,0.0006824495883167535,,1.5756036968637617e-05,0.004363793116394848,0.0009052790296560541,,1.077627604542561e-05,0.02986010303067032,,0.03688503764828278,0.011688739259111949,0.0005829725867774245,0.0036911619129194827,0.01041414527573911,5.052876101299564e-06,,0.0006115656392179539,0.0022106692152387103,0.01437945565125422,0.007475909796473461,,0.764895851837051,3.16343570133494e-05,0.0014181339802979097,,,0.003741810410332984,0.00016518833813632412,0.004278516851955382,7.806813312908333e-06,0.0008370532286484596,0.00012287349419795292,,0.04409843736028968,0.03433010233431287,0.002433163394656598,,1.6691254230359227e-05,,0.0004181189885781222,1.477547182228356e-05,0.0017592390380557813,0.01657731699303012,Treat
128,,,0.0001556067722735007,,1.2659259924504323e-06,3.702767531146958e-05,0.0002461657552203046,,,,,1.2683981033651024e-08,0.0033427029280197395,7.549011549721284e-05,,,0.004972810656298816,,0.006772796080199786,,,0.0014045197238224199,0.0028568316957830794,0.00019075467542348874,,,,0.003604382557976842,,,0.9322853537580333,0.00011832590316068871,0.00021720191885461922,,,,,0.00018787747313550674,,,,,0.04122355695207948,,0.0023073167489362574,,,,,,,,Treat
129,,,,,4.505163685937853e-05,5.432840482344433e-05,,,,0.005740085665109475,,,0.003086726678995075,0.0015136380608151588,,,0.04098427378646986,,0.0005185969523795862,,0.00011411484104337069,0.0015811497107039516,0.003349467913450341,8.480941092995174e-06,0.02322056480347941,0.00021756552843515343,5.5336041388948706e-05,0.00821416931227789,,,,,0.00011755759930884395,,8.212238008860674e-05,0.03385885578321945,0.0021274566686349076,0.0014396607429643785,,0.00010076365655043771,0.0001430004225878295,6.381698248194386e-05,0.022543433031460468,0.6513841386788908,0.018115458114065272,,,,,,,0.18132018566242306,Treat
130,,,0.0009160576022722586,,6.586061161509489e-06,,0.0007524999710829132,0.0022974697691465853,,0.00010341893696267817,0.00019892972758973963,6.337292618047847e-06,0.016257922796828753,0.002510070168308748,,0.00017882219272088456,0.0115534339755763,,0.07399450224818721,,,0.010671645007425047,0.01377096403292719,,,0.006618015020631845,0.0002670378716119894,0.020814608976103127,0.030889158283459124,,0.42384092971495285,0.0004018441800772706,0.0007639637180965592,,0.00016815539068679684,0.0008036883601545412,,0.0022313846393032153,,2.2866190567326006e-05,0.0001446761655198106,,0.36678473132270306,0.0023306349409882034,0.009881811229222827,,,,0.0008178342131135429,,,,Treat
131,,,0.021991474839337118,,0.001039029568059661,0.0013871019901949948,,,,0.003084274443279215,,6.447565039120049e-05,0.5780914803427182,0.024307473803350747,,0.0001339388731174737,0.048960244387545065,,0.003938775536642018,,,,0.13840788360421957,,,0.023911440609334117,,0.0010027670883348445,,,,0.00016798221770768533,,,,0.001459657689862164,,0.017036393741415117,,,,0.0023902634029845525,0.115023129024897,,0.016483025089968045,0.0011191880966414168,,,,,,,Treat
132,,,0.0009542750119809451,,7.436835177987743e-06,,0.0014749001396127004,,,,,1.6921035421622266e-05,0.008425514443218278,0.001305194648652467,,7.046692704129754e-05,0.006881845374806238,,0.03797766451274365,,,0.010366515100248717,0.007584439314034597,0.0001548008397252601,,0.011923485154889436,0.0003094601795970236,0.00605652389597851,0.03082446958554879,,0.5506854041522722,2.0470312139172113e-05,,0.0001948452982647926,0.004922025237260753,0.00061231703269754,,0.0033675550133651414,,,,7.202342542975994e-05,0.18442289072241277,0.11792409123933767,0.013036475835875713,,,,0.000407988732266892,,,,Treat
133,,3.742002026353547e-05,0.03319032240704915,,0.0007755724118427776,0.00892714596626684,,,,0.008287475431195837,,0.0008822979469851706,0.18472075285941106,0.061834288861608265,0.0007881150494183297,0.002532911748970443,0.029267751131971085,0.028423147339162184,0.02036655206654736,0.07314484300532098,0.0013483562961940918,0.0008726631140703741,0.24631551828942677,0.020098081072109447,,0.026117232539122757,,0.005609472848939422,0.016927616902422546,,,0.0016944914836317948,0.0014842686339437254,,,0.0010265794238335962,,0.017752269424456683,,,0.0005830109760870646,0.02567507616761259,0.02552274844361527,0.004694270938248707,0.15004263162782727,,0.001057115572444877,,,,,,Treat
134,,,0.004179046029589382,,0.0002022487576075094,0.0011113815513821774,,,,0.00031036979611172397,,7.915793882328999e-06,0.026162298814125042,0.0028719942861259694,,,0.0251421532034831,0.0022717546663894046,0.05469725582998031,0.24625114623122837,0.0020585174597325677,0.0004325065434172488,0.22063699630102251,,0.02497602208750834,0.0020377772573599317,0.003906595189330659,0.01494122083954782,0.007895732194164538,,,,0.012191468049224205,,,,,0.0195442887843111,,,0.0010078900365126586,,0.10188655840106628,0.10212967966221216,0.026651579042824967,,0.00019263248567312193,,0.006481808394757667,,,0.08982116231142895,Treat
135,,,,,2.383433282135413e-05,,,,,,,,0.2213657541756525,0.026679824796618373,,0.006242773309084418,0.030574345471100772,,0.026393979030876286,0.010452092631093092,,,0.01845567176486863,,,0.022451374065091522,,0.013694303855907815,0.011261341023011443,0.08054957710567115,,,,,,,,0.01963230460373752,,,,0.0024981323936614772,0.43833333030218125,,0.07139136113862249,,,,,,,,Treat
136,,6.542051542220124e-05,0.00028895669152067654,,5.429435003431146e-06,,,,,0.0017395295752676168,,,0.0264403091976277,0.0006255153313328267,,,0.00678964600029294,,0.02326146395611452,,0.0019345689093483581,,0.02103349979520209,,,,,0.28073763620553926,,0.00802324405757077,,,0.011675793011541282,,,0.0007874906094381395,,0.0059134485169440665,,,0.0027840707054797155,,0.24407834659496075,,0.0018730080113551957,,,,,,,0.3619426228800384,Treat
137,,,,,1.1158858163807347e-05,0.01396064763402111,,,0.00143204853247594,,,,0.24283263192373356,0.029466832632518206,,0.0029220078094309,0.0054210947703897975,,0.009492899620378751,0.03316419533081444,,,0.04934411251070231,,,0.010498579028879565,,0.006056997341113886,0.006423123063651999,0.3119421581985037,,,,,,,,0.01576561702017368,,,,,0.2448356743115805,,0.016430221413467932,,,,,,,,Treat
138,,0.00012587233902862694,,,0.00014149750161359582,,,,,0.018679563156774444,,0.00014717617181540162,0.012352236188367189,,,,0.04469915837527401,,0.1890710577136181,0.18635696916735278,0.013695126576167017,0.0020112563013029096,0.0800810625392745,,,,0.013583408122471226,0.05341146904472668,0.061749295999953394,,0.06494576976071478,0.0018626945277712686,0.020131254785262533,,,0.0036450036304461436,,0.003658293156369339,,0.0008149828783630325,,,0.14089166422036037,,0.07108729483705824,,0.0011812551781974062,,0.01567663782771719,,,,Treat
139,,,0.028434498539059345,,0.00033542858891097725,,,,,,0.018440920930157537,0.0007283051908709759,0.056998291860949776,0.009122100469155505,,,0.0065761043744229026,0.007813864846654044,0.058396544229183715,0.07665059379353067,,,0.2496765590996427,,,0.021484651433015308,0.0008642800668738675,0.031667246903145777,0.058822307908584524,,0.0607011085375921,0.0029367845252621307,,,,,,0.03968630125627351,,,,,0.2409390601036352,,0.01160269158585441,,0.0009607460962517539,,,0.01716160966097331,,,Treat
140,,,,,7.658702769761454e-06,,,,,,,,0.0632583724692786,0.009266684409601279,,,0.015705473006516608,,0.035429935976359635,0.0050671648511963355,,,0.008114002945024758,,,,,0.008551486330431771,0.012065194015977212,0.006701860334632574,,,,,,,,0.006523035741285323,,,,,0.8122678395010479,,0.017041291715878367,,,,,,,,Treat
141,,,,,4.3060073044705e-05,0.00037959513215341553,,,,0.0002851869822790695,,7.936807831400178e-07,0.10585281399478101,0.0021199484332834555,,0.00013396867657223947,0.04636638336662496,,0.025970091346069292,,9.265219960316023e-05,0.005856197445597292,0.036665481156669996,0.0006724256626717647,,0.0013227470101650721,0.0012217282239756733,0.019537942211523034,,,,6.455699526418632e-05,0.00022259251967091448,,,0.00025161734474169264,,0.00783721922507222,0.0005999152455910307,0.0006187142426119617,0.00015886185394610968,0.0030497757474725836,0.704395319638514,,0.03616296950553356,,0.00011744208578460773,,,,,,Treat
142,,,,,2.357046743726145e-05,,,,,,,,0.13607530635095133,0.005020237377491486,,0.000998400527760233,0.015403058339094593,,0.05690741834539877,0.03166233512897317,,,0.011718223263302813,,,0.0025615966676793456,,0.02217727801936979,0.05867521550247024,0.00816478056077349,,,,,,,,0.00900627661209751,,,,,0.6078314042240761,,0.03377489861312395,,,,,,,,Treat
143,,,0.008308297050791303,,0.00018806795115982586,,,,,0.04771105856019992,,4.0470583746019334e-05,0.015788697400214546,0.0007106893607601519,,,0.00479309210306954,0.0021434146468964754,0.14705516568148044,0.019111790604860984,,0.026369959519252886,0.12255668814556261,,,0.001919763736732741,,0.07800413615868389,0.07496238569463044,,,,0.00229191678453397,,,0.0086238205654018,,0.002463046270291613,,,,,0.4327116778864467,,0.0030036214158094933,,0.0012422398794747296,,,,,,Treat
144,,,,,4.277251687474743e-06,0.0009008779523488093,,,,,,8.329093176147558e-06,0.005315357810375675,0.00017218812552995732,,6.452980855823007e-05,0.00706314876153575,,0.012909981245175738,2.703679478944362e-05,,0.0003992781904540486,0.0052501626060642145,0.004006972487441023,0.004535867054723419,0.009475629331657996,,0.0028598981063967773,,,0.8881823575082844,,0.0008197132499598065,,,,,0.0006931658412994222,,,3.7873239913489826e-05,0.002802565435577576,0.05088322063472255,,0.003587569470328031,,,,,,,,Treat
145,,,0.02631008397880678,,1.3054023379335669e-05,0.011966021238766382,,8.679365226056188e-05,0.0008370881763202384,0.004776369711630632,,,0.507920635855423,0.03630547102859691,,0.0007704766624768915,0.06651959622848298,,0.007323501978814687,,,,0.06527834243049159,,,0.02836803467337046,,0.002435241655233693,,,,0.0020771916969925318,,,,0.0380978122331102,,0.024457300929707222,,,0.0006092286964699199,0.0024451758684442383,0.15884179499671186,,0.0028893920549537162,0.011671392229555877,,,,,,,Treat
146,,,,,2.764861792923736e-05,0.004081034698783001,,,,,,,0.13968427901428235,0.025559852198137122,,0.0026829839567652546,0.03408932322952473,,0.041036684411173426,0.02539575500699306,,,0.060208109091820665,,,0.008371413599618157,,0.016965376976870245,0.025236059674376254,0.07614212037887405,,,,,,0.005222856326993142,,0.01952664442691666,,,,,0.4794197201480577,,0.03635013824288505,,,,,,,,Treat
147,,,0.002858659028516581,,7.408269253443609e-05,,,,,,9.549879344097296e-05,0.0001268845758548492,0.04799556108610375,0.007194118816186383,,,0.018952523655200164,0.007912310059390096,0.08078660164910237,0.0203319712754087,,,0.14058720436363814,,,0.02173932679544805,0.003920271829389533,0.08747170262452085,0.0640915582101166,,0.2241186097670072,,0.0008280579846809027,,,,,0.010735826010993885,,,,,0.22579067156802315,,0.005514823528028226,,,,,0.02887373568641503,,,Treat
148,,,0.0019720545047797727,,7.096225147300192e-06,,0.00029745684837397614,,,,0.0011155009949954614,5.599127804293012e-05,0.023987854399880156,0.0006385657085656728,,,0.007172875591223288,0.00039867328812016363,0.029913032674802758,0.009043710670124964,,0.003933188443886505,0.017061614187970715,,,0.002483929551188401,0.00019726595222685836,0.024881102220360857,0.015319587332436923,,0.7260154289289638,,8.663850439774916e-05,,,,,0.0038593763102515504,,,,,0.12528641656551326,,0.003416443006692946,,,,,0.00285619681205387,,,Treat
149,,,0.02774156699437506,,0.0002690816928130599,0.0018296440921160364,,,,0.014027320367215131,,0.0010949880410116323,0.19591066978628072,0.025716435543445212,,0.0012220164670511508,0.030890236318066394,0.013868654207551758,0.20407410430396428,0.10845712158478553,,,0.07343592871073253,0.001629600261029121,,0.01594441933037945,,0.010309092009385809,0.0734722335059408,,,0.0008654357659366341,0.00389754758922244,,,0.008509138478533225,,0.011791856276839749,,,,0.0012902165681711573,0.15530662251386307,0.007023875500477911,0.011422194090812124,,,,,,,,Treat
