taxa100883,taxa1017280,taxa102106,taxa117563,taxa1253,taxa1263,taxa1301,taxa1348911,taxa1350,taxa1357,taxa135858,taxa1485,taxa1578,taxa1678,taxa1730,taxa189330,taxa191303,taxa207244,taxa216851,taxa2172,taxa239759,taxa239934,taxa244127,taxa283168,taxa292632,taxa29465,taxa32207,taxa33024,taxa33042,taxa35832,taxa375288,taxa397864,taxa39948,taxa40544,taxa447020,taxa459786,taxa46255,taxa547,taxa561,taxa570,taxa572511,taxa574697,taxa577309,taxa577310,taxa61170,taxa644652,taxa713,taxa724,taxa816,taxa838,taxa841,taxa84111,taxa846,taxa848,taxa872,taxa904,taxa906,taxa946234,condition
,,62924824.337842,,,41265960.256887734,,,,119333659.5363961,,,,33449138.44006505,1472832321.883925,830150024.6720546,,46138169.921836235,1975751973.6462958,,3269938578.774045,,,598152429.5095316,2094269656.3213294,,,,1957912827.3366477,,348475335.6841495,777980721.4271023,,378459528.9013264,,52506337.16594973,,210894541.40742442,30445397.530121077,,490750953.35161376,,,,39456620.259952985,,,,37818635403.90441,4750782847.376422,1343984845.1741037,,,,,,,,Control
,8098270.843771985,22424988.84923484,,,5312878.324258055,44592070.98369988,249905158.9440751,,,,5661052.389197295,,372185180.08431053,195770539.51389235,48905560.78822493,,,2883377728.1228504,,10364561623.132984,,,1831808232.3240414,1702809741.2640526,136194088.40206662,,,,7943526.814910101,4465093819.134609,1382541182.8629043,,130848971.73846231,,630040313.511165,,,417151215.80442667,,20368182.79894562,,,1560335.6243573409,,,,57713075.097613886,37262233196.58454,,596654289.2842133,,,,,,,20239229.44156071,Control
,,156413438.15025195,,,2096393284.403926,41596816.19145211,,,,,11616528.404832479,,44803809.18340383,979203167.0523707,107493073.17033309,,,941021131.907361,946933290.1370226,2047210243.9588957,9216693991.344103,77046242.39344174,16187865.603629194,8258006954.275698,,,934803172.3899581,76269977.5860989,146216141.36288467,559220383.1039149,295521659.83782065,,,,456302567.66170853,,,,,731504123.9820648,,404128163.33787775,,37723333.21339794,,,,3813412627.659684,3822512176.2346473,997515959.5528677,,7209853.437896364,,225802886.76217568,,,6672740.9196844,Control
,,323009505.0203372,,,,93211357.94312344,,,,,17617450.66154234,,176380692.643972,1217937052.376851,80351458.97735089,,,353631948.5195937,,8775086462.039442,,,276151820.9027716,2485694758.466707,,,,,118480601.21969199,2190466911.663401,4383209506.160413,6114752137.392064,106823454.08711964,,2129947494.024596,,,,36506381.83246777,66861547.14656868,,,,13153904.96944373,,,,8731596483.054838,,94475201.93293068,26124533.469066475,1974040.3103635437,,,,,49736651.99767024,Control
,,,,,77577432.6068224,,,,,,,,,3288279781.7896657,222486767.07312867,,1456491.396199313,1072357203.0591116,,1031590856.572898,664017510.0487403,,,153623237.35653046,,,,1614470.6217129952,,417945600.5519715,618403898.5455459,90288980.53291112,,,,,,,,79579144.98863603,,,,,,,4671946.608179014,10694538531.463173,,688843367.3654392,,,,,,,,Control
,,,,,151013290.99096608,,,,,,,,,4503892141.107908,659772698.1799843,,,1118203862.7501104,,2522553204.816941,360773808.43278694,,,577703672.5813853,,,,,,608851770.5245757,859021982.2031035,477161439.880761,,,,,,,,464429422.77101564,,,,,,,,57832135036.04054,,1213311959.1520717,,,,,,,,Control
55258165.21596369,,,7379616.973797051,,,248178806.4253309,4854788.204346396,,,,1262202570.2312465,,,3261943.2088540355,110948431.9998535,45031761.44171221,113117412.41924734,18581553581.98997,,3795715.733939241,0.0,,,47166851.54205303,542863603.1711808,,,,73830060.05702354,10736876704.98773,,,,,,,,820679493.6083854,6091784.849781953,4733698094.369924,,,118438192.5105729,,,13445984.08428923,3096948190.544364,39576945138.53193,,2027200269.6355054,1880912.707443106,,727642095.2280579,,46167087.12998867,551107423.2808301,,Control
,,1344078263.6686795,,,2468951374.100202,,,,,,,517653845.57392645,4774129557.854678,8831061758.06977,472534134.2469777,,26767562.41760938,2342874229.389347,5178233092.784408,10979514901.007185,3514003228.257631,,,13092708039.062124,,,,4023809748.8781934,63337059.56224262,2630673668.4765215,5271072242.723469,,155040032.39149144,46381060.49123179,112134903.56671901,,,,,2787841625.7940173,,,,,,,,20878409827.14808,,4035017462.0631204,,,,,1009502990.6877115,,,Control
,,264478869.54130468,,,8235079373.185655,47180290.16580565,,,,,25163578.790575366,,,27477321578.106987,342190589.9552689,,,1867944144.0458531,,1005850159.1597077,,,,3815661945.097313,4328362.76262267,,,195804452.48079538,30701838.230939023,408621301.9091693,,,,,53758038.30112986,,,36711559.756995164,,229823566.1098599,,,15598010.690501122,,,,97831222.91423918,11107760344.237051,,1109816069.454042,,,,,,,,Control
,,390209548.26214087,,,,,,66673361.15658271,,,,,343866477.45555174,2170434678.8172393,234186389.76219016,,161384503.16881695,2698272888.562355,,8783104704.407604,,,798786831.4214457,3419601224.5432596,24986899.197161924,,,3362651433.5847874,14549672.47075012,525527746.7347397,1896363809.8295896,,262027915.07255873,83917087.02167161,7653966.266035317,,,126540223.17448834,39920162.05187418,677152996.8790314,,,,,,,,29613088434.811405,28196837054.396755,3386335909.6177983,,,,,,,,Control
,,110600557.85236216,,,736018637.1703328,19619375.683040436,,,,,,29640345.507186323,362420588.24696004,382166381.9583859,82215028.3306313,,,69786263.28066273,1409619543.3626542,1304364829.3587763,883233601.762478,,145106826.91508806,1772509517.0668602,,,,553559965.0165465,26547785.960942496,442177488.24787444,1231615936.172155,,16162779.036538536,19188617.956690047,,,,,,141932329.75785366,,,,,,,,1549627509.7995296,,79202065.32077831,,1869348.0678847071,,,156155528.4885156,,,Control
,3944858.6260906556,403556157.99022293,,,190562586.7698391,4132023.4514161246,,,7608970.014193108,,93352055.95464164,,4115905680.496751,4408329124.126412,219925868.40455407,,,3687758943.917612,53298783.33499127,12537163837.955267,,176597211.34170797,490443828.82400805,10476047192.294178,,,,12720009.475003993,1503271883.7785282,2422179189.655302,,,,145398274.68937784,1023402867.5854092,,,,,83590690.44920565,,,1418133.4841968233,,45142716.13907756,,,28837924367.320602,,489731162.7583457,11273081.402295562,,,,,,49260342.29623787,Control
,,150842429.9813041,,,26309761.038956758,7719549.656111644,15139136.240293555,229078798.40201673,,,,26113285.226842783,29280895.266420748,180729250.65302297,57180460.58660509,,1169855.9805259532,318637272.97271705,,2116044496.4675024,,,237987701.63832974,1012066405.7987565,,,,15011651.934723418,,412167258.615767,464128361.75079477,,7728548.548269534,80237122.11048391,,,,,,41208926.821706526,,,,13873292.076750087,,,,8147911920.980896,375888224.88122565,404044258.62790984,16097518.255109046,,,563930.5752278955,,,,Control
,,398154951.9339537,,,1440162381.348495,216878796.78437835,,,,,212198730.50191286,,943543439.4768353,10810794331.620455,713315140.6501064,,68363105.61206098,780479450.6580074,2253779400.5612283,4047522972.787015,648016505.9202026,,46153630.760157526,2330014068.03769,38619478.254543096,,,125694909.95272969,,481618118.7321882,2172293055.6532974,,,9701511.445585705,422333309.6324245,,,,,274008155.509775,,,,,,,141096654.8008772,7146568390.415172,305919141.80726415,738612903.5153755,,,,41818912.88021498,,,,Control
,,1444063072.5149643,,,13363465130.595575,64198334.79563073,,,,,119121842.22127333,,2713217593.6277857,12835075460.428133,1100738348.8696709,,78468712.74905802,1214460588.6220798,27352200553.886684,4901176919.200174,5171671290.497572,,,7502325212.606837,31975196.932968985,,,587059840.5306647,4453753.73707351,610687692.8306444,1750747636.5501065,,,,241604661.48949286,,,,,793502804.9907669,,,,7337214.919426257,,,51939033.27193355,3003042174.4438214,273809433.3573625,1728708442.7996397,,39624633.763860196,,28540755.906854574,,,,Control
,,,,,38337316.042570285,,,,,,,,,1927065088.086632,258936417.573058,,9435703.052161988,105819864.38363938,,594823811.5210309,235221714.1795318,,11962798.85996645,585469920.9230784,,,,75354724.49056071,,211352476.15027654,237685178.07850668,4049643761.188582,,,,,,,,152229342.57488006,,,,,,,61641139.11051102,9336782704.750015,,261530781.39876804,,,,,,,,Control
,,434970745.68850386,9911386.16999589,,3324564863.941604,139986254.3756437,,,,,1010729544.0490545,,2424531785.8983808,11251162142.624283,1591212190.204077,,50803099.28655788,1570104608.5457525,5314860080.904815,15337821796.966448,3687190218.765489,,923546054.5907574,3993187361.3783445,312083081.4891689,85164503.38663135,,400329195.19571126,119168479.33047691,2683879724.0132732,3436691042.5723467,,,124240095.06073797,1782986886.351015,,,69051255.69505909,,1164375350.1248682,,,36544613.91919538,,,,281740329.0915499,21667391432.741016,2333310324.296752,1688741775.7521071,,33472663.819722965,,28304445.885075986,,,,Control
,,,,,18466250.054733157,,,,,,,,,5171248462.052445,1202214205.5928304,,,1667822643.3197367,,2365570923.754991,598585880.4642192,,,1694159195.5195687,,,,,,3750778171.8643746,2757178078.974738,3075226869.124062,,,,,,213443616.29223165,,616583660.1531726,,,13014958.52566064,,,,,59746581040.7855,,2067070124.3231993,,,,,,,,Control
,,,,,396226920.304627,44680485.32609377,,,34339039.03835524,,,,,11765826280.979927,1582262194.958854,,111319552.25405902,1648692132.53823,,2504433742.2643065,2706003064.902057,,,1217917043.8466582,,,,515043759.70561075,,442292887.5651246,380139645.1643987,3761102454.4045534,,125963834.88902143,3037603.7882588906,,,,,1065069631.1964886,,,,,,,,19347758531.746124,,4087569052.2535205,55806166.671041995,,,,,,,Control
,,,,,1745260700.3708262,76668423.29595266,,,,,,,,20046377161.709984,590949250.8562312,,,2256187771.8764496,140366848.82650182,1166515267.7162127,342674956.8785831,,,3280303750.3664174,,,474205507.2628609,732839283.0071454,,685271919.4303136,705252230.8092779,,,,,,,,,596509787.5706525,,764853660.2292839,,,,,,11135295923.739258,,323098380.83861953,,,,,,,,Control
70307551.80206653,,1651589716.5819633,,,1493728520.9856904,9357651.43516823,,439836438.74682933,,,,213074319.2075345,5422580198.053841,4690329072.533081,2007126828.5305111,,274277531.79481155,132738583.6222383,,372857707.5349166,,,,3170425948.822842,,,,2603468497.4586444,,17302714.723753743,440638097.4207339,,,94565922.08304405,,271011294.22381014,,,,2152146584.625465,,,,,10704676.418829393,,,517686734.42864454,57290283.818367556,266663264.464603,1093712.7632824017,,,,,,,Control
,5521855.815663145,24389553.907530826,,,126915810.90572864,,,,,,146825983.2518808,,,2231709337.1799626,52796977.3367831,,,573083932.6326739,,1963397096.4300857,,163288389.18412334,,1775344514.1532977,,,,,,23695819868.624943,,677206478.3327447,,,985501950.3771589,,,66468592.817451544,,499127985.6659602,,,,234991071.48662823,,,,20601571677.09272,,158092306.57292408,,,,,,,60637252.457547694,Control
,,1553106421.4029334,,,9479671133.769325,,,,,,,763133002.027653,4449411659.537912,1615790154.7069533,400661158.97568274,,,203795136.4016048,5194014231.443952,2276035715.129872,1882551138.3326986,,,11162257945.773638,,,,1086549389.92747,,1347747285.0231152,1561124395.974786,,,72463682.53487214,79467036.86769395,,,,,2157726045.89187,,,,,,,,2721627227.9100466,,194703149.18648562,,,,,221558414.6351719,,,Control
,1927596.0738346875,,,,600101195.2129003,,,,,,286056911.9459722,,340837041.3987781,189160876.51600912,,,,684518321.1245276,,2895414761.7901583,2853851488.5071306,209725762.0110231,30800172.45874052,1226353168.0626738,,,,,208014917.08368832,817937752.0341704,945622377.800542,,8916579.606776936,28525112.714944214,308287968.46789736,,,55819211.284881555,,56022725.720144786,,,12480564.107240383,,,,,2157600477.4602323,,1088623533.0566025,,18089620.493763637,,223447267.79669788,,,,Control
,,982390154.0526882,,,24841783650.729107,,,,,,,,,2075439864.4071841,553757888.1913373,,,11616056060.168776,1261222601.9435368,,,674048491.1480242,,5920956926.12431,,,17135698579.890875,,,,,,,,,,,979083624.6748189,,77999780.2770037,,,,,,,,,7868058219.843765,176384626.10530594,,,,,,,,Control
,,451651964.6328562,,,1370492319.1513886,,,,,,,174573740.1673843,1851959851.3214493,8733994538.614542,49114861.10270202,,,2908481671.476392,1599254955.258379,14455341511.817741,2344527395.984276,,1755355616.3823807,12371844021.266111,,,,1553938884.8388808,175220342.8368658,3490442035.1950417,7517483460.726077,,846016728.8681742,9645156.486432983,141632926.39435247,,,,,1950854137.3815982,,,,,,,,20335474343.34182,,2137228376.2670207,,87749370.60422409,,,1138703223.32752,,,Control
,,,,,261079210.24414656,398846431.9210014,,,,,,,,25566947856.069473,1234155680.1542385,,323574329.1708873,2073044319.4431767,,3411644795.017622,2150873130.0902205,,,1330700903.7390609,,,,913242949.4606675,,371410989.48856556,1324892587.850139,2442763948.3230047,,35335014.26782047,,,,,,1818684662.005063,,,,,,,,18278494764.66364,,2924795166.152053,,,,,,,,Control
,,,,,589531131.2457091,704666694.6093532,,,,,,,,20032128129.249416,2540281874.1234355,,45421603.73477458,2740350420.7277913,,5146298313.873057,808711757.527648,,,4253885850.931959,,,,5121283858.869994,,1995199082.5960655,2292892289.171585,2501994923.541402,,18845216.96339965,,,,,,3412420619.6899147,,,,,,,,20536420170.023438,,4999869172.81967,12299231.562535297,,,,,,,Control
,,3878508.33132775,,,582647824.6050788,,,,,,,,,5020290134.683293,74301760.7293687,,,1556719939.4571898,,577461953.9148767,,,,4477423478.998254,,,,8790455.4796706,44562379.83249444,546340504.2386206,,,,,439796697.5253894,,,,,26078766.292025592,,,37558652.90995235,,,,,48406336444.33765,,241868261.92682892,,,,,,,,Control
40103286.96420386,,322235123.9303822,,,231866677.16056937,116520774.17246802,30531392.726203643,1509729816.000927,36054813.09945987,,,59923516.42514265,337305008.4294229,3938483543.3885093,838547778.2687613,,133681013.89564162,870309988.4262061,,4417057911.198747,,,353092022.0929471,1743239278.4106321,,,,7198298424.008543,9378625.385160673,519287977.46761924,1833200843.3849933,,90749898.45304875,39838813.797160275,14128970.34705876,247928336.03602347,33303274.957718052,158261760.3633648,259529553.2288389,1153001287.8611305,,,,86869263.32892857,3956925.4607673553,,,18265381539.844727,162325492.2954382,1776908746.9842567,,,,25796305.831635,,,,Control
,,257818825.80198115,,,1262175897.2696385,,16333469.158043133,,,,,62863768.02582408,951596940.4521382,5495346841.657804,196403394.54935738,,,1442612866.9116952,69619366.26246382,5507697384.689546,118530492.70262882,,825403159.0008981,5965907491.2246275,,,,421753684.33295095,94826378.18508004,2307815526.830947,2955276625.083349,,397503963.49673086,,35727293.75808827,,,,,863466639.8143884,,,,,,,,18378500841.57219,,622968334.6015011,,,,,658368264.5683866,,,Control
,,165695889.76181,,,745103515.0128709,,4208473.049816396,,,,,88038292.05386272,1776398635.6856332,4163794689.5589905,311195431.6007667,,1302990.1885711807,843309453.2538543,789414444.387717,4864599625.814917,966547006.3259906,,340237909.59531766,2600759153.42465,,,,1127648466.228573,,968578682.9707296,2553709474.530225,,103772979.25992607,21483899.839048035,32386407.791286997,,,,,866985587.770356,,,,,,,,5683754358.1086,,699282722.5996095,,,,,397004437.1234721,,,Control
,,889080809.2645634,,,3850340087.423867,296988911.7539347,51887649.8193672,1326694632.2891788,,,203778747.28298768,986072699.6880922,329108897.4556286,1070692520.6113989,487724160.3858502,,54810341.41718503,3607262986.89995,,2843907286.132057,,,715269524.8173093,1682107754.1251678,,,,11935541812.588558,,1666329169.0801919,2010525474.5137448,,248359668.10781035,136507470.74267396,,,,87266041.69430396,,673344698.7215846,,,19550437.0394571,38607176.1738774,,,839612279.1798764,27950114456.172127,10878732077.066795,2072217964.7271433,,,,12925011.153863305,,,,Control
35426436.475712255,,371152908.4910138,,,1784733895.3590772,146051336.10338244,30379626.038274575,2612736726.363897,33421539.178647965,,66369013.9717832,1093143091.2855477,505184737.15337545,5963107760.244248,2245030661.0092154,,343667050.4726399,262394637.38130006,,5532420266.005927,,,117656854.67944247,1611710270.9882932,,,,10073769428.732016,,933699436.2914304,3585032904.709156,,,46823734.41074765,,535001411.7338536,,,,3084539429.704084,,,,170880458.29461205,,,,16911654372.685009,952237329.0332514,1098308417.8193636,1491327.5460921524,,,,,,,Control
,,411475127.3980508,,,1846622977.9248102,25660834.966343895,,,,,,,73541548.29904416,22440811510.810726,340504408.74267554,,,4172780831.721907,,2280009484.131977,,,,6121311496.721751,73296330.70226343,,,241302025.47728747,28935676.42012515,5671993756.968894,,,,,313285255.50001544,,,37146510.7897506,,299015173.4163889,,,54889190.45359442,,,,127552701.55126244,31698408608.88756,,1605241849.9969482,,,,,,,,Control
,,,,,3126192026.67505,151945217.42888042,,,,,4688718.969876992,,1100766677.2951348,8478342037.808769,345233554.76936424,,1780526.1910925284,2557638592.808775,,418744847.86670595,,,335028695.834926,7529600876.182505,,,,422888935.29577816,70159714.38469696,706387108.423791,64304925.32104565,1728370738.6048198,,7129087.220021456,87078204.42790164,,,174910514.06614837,,291346453.2801227,,,,3899701.481275204,,,9185420.409342043,6184989391.403337,,341731853.2602156,,,,,,,,Control
,7528241.465458026,211274348.8931309,,,756722969.0873713,51844299.91648945,5761221.4637857275,,,,111804174.65126552,,218722271.26760384,39016671.76041005,14517675.695557645,,4727113.167352507,144679782.58010608,,2993442321.58298,74832293.08218458,10784511.279145805,19117616.968850404,7716656666.393919,,,,,19679850.60574613,680411466.0795444,305257725.23207635,96314303.29190898,,,525139603.37577766,,,23382895.36303856,,145874529.05850956,,,,86105412.16482311,,,,1748061349.571024,,33078078.970698882,,,,111524731.14721315,2257301.119560542,128808395.53857034,6412140.763644178,Control
,,899379175.4509445,,215557633.02683058,,,,,,,,914331149.9961584,14493641313.52083,653958629.1919694,637249573.8057388,,97199026.14160243,1042698775.7698117,,,,,,5427328005.828012,,,,10070050401.289423,,,,,,17373090.183897234,,,,,,630713680.7410645,,,,159286279.7234366,,,,112091312.16567752,74383088.93638115,1312464777.588184,,,,,,,,Control
,,6354505.148468627,,,,52626954.353531346,,,,,,,,4437135711.936742,72398473.87426534,,,117360104.10557772,,197295787.0789074,374176782.3629255,,,1069189994.3431528,,,,5411848.293888922,,108232920.14020513,36128436.52959986,3110120302.1012983,,,,,,,,44377695.441565596,,,,,,,,3143672952.3758945,,16022469.369472781,,,,,,,,Control
,,12426857.144843824,,,387856637.43221486,1451155.5536004328,,,,,,,,11405183705.381243,1375147535.8726177,,69608378.92948861,919283499.3842081,,1079942257.7387152,2680036027.1987934,,,886583271.4374421,,,,272389174.59204346,,229218367.0461427,351393678.71372366,1435372631.6944602,,,,,,,,784972417.8214731,,,,5813183.6040984895,,,594823952.6564842,18721618919.384933,,1000954876.3964282,53397387.53867788,,,,,,,Control
111289854.28503698,,2449728727.960519,,,,92420841.13117954,,203436991.04958916,101278909.72384757,,,2977339512.0292363,399309788.6942033,9678103463.22709,6151323170.372674,,814884252.023446,160822050.57287726,423520184.03315276,8429182144.234629,,,45833040.30251262,8108798741.989702,,,,3958362314.595504,,2259412958.3656116,7974086429.178735,,,248158625.7421603,,176539316.47466183,,40027190.10132572,,5744797539.285566,,,,67745977.77613519,,,,14536853615.166094,2848018345.8336563,921189369.2071782,,539604011.7700269,,,,,,Control
,,534004532.233366,,,1434458852.589723,35219288.00064077,,,,,270015484.4425733,,3187475712.455165,3771134687.5236244,495022257.96659,,23522908.132818718,594614074.9349829,2973098667.804735,3928274730.547049,2087718927.0167754,,,1413587010.7210915,31368593.032061722,,,306918213.66753775,,198442353.93548706,1414285851.0276594,,,16658994.838349365,75024892.34519532,,,163794587.1572217,,226984463.29847425,,,,,,,24835709.35649299,2989536976.230484,135204379.4735396,219868741.14860183,,,,,,,,Control
,28760607.044093158,26406603.563256487,,,24553585178.059174,154975059.80492046,,,,,,,86633023.26450108,8333941170.072884,7808931950.199671,,150779618.11730027,6930613385.311527,67240970.39615707,7525758620.184346,2540349433.8035445,,56439131.84296301,4297385225.459649,220849189.4702691,,,1408358518.0066924,53885797.42221679,279053823.92385966,1109219728.8995652,,,61773607.47292352,243696311.96371216,,,188889795.43810356,,7008086677.289707,,,30715948.64511071,,,,1235443673.609912,5880585453.615581,5923944679.020669,1053995566.5950986,,,,,,,,Control
,,,,,2178127491.7808385,69526448.80156083,,,,7925985.5335254725,,,,155706726.55241945,564552393.880477,,,392669619.7497059,158521562.53628832,,,,,498055597.4931329,,,204116349.87762725,121874990.63840616,,310628262.01460177,,,,,,,,59896746.75148315,,8988956.490591738,,,,,,,,,12397389531.216734,459973829.6166335,,,,,,,,Control
280964565.92522466,,2739755004.531146,,,57983091.71409767,,,1171740147.2490559,,,2444420.481437471,6434415680.6638365,479124388.0417549,5526789774.330096,6304474961.027423,,1308924259.929729,174569367.10265765,,703597677.6937592,,,,10409995988.521725,,,,5829062137.90785,,144724071.44510677,740749274.2756066,,,84197704.00951348,,83721401.48923339,,,,3427787475.3357525,,,,,,,,988049137.5410343,70456825.64143299,1148149692.2351835,,,,,,,,Control
,,15000686.41754998,,,69228366.95717008,,,,,,,,,11686233520.255888,1168478522.806013,,69362333.98527758,1089593667.6336353,,1145769301.1765482,1175991538.571501,,,630285901.401846,,,,502857912.5581931,,807585832.0063807,351931382.8383878,1611474898.1830926,,71386322.32884756,,,,,,927957017.1262091,,,,,,,,13210416227.070236,,1299606898.2098243,,,,,,,,Control
,,187149993.16090772,,,1249661680.130689,,21622436.94489829,,,,,30718331.202620126,1501738048.374718,6311113384.813905,401789471.94377244,,,2633537020.769797,421580917.187441,4593342925.797591,461345922.4407607,,,6505385541.93094,,,,1451277492.1354518,84235462.29797162,1007685298.3676363,3553669414.8861585,,351555328.6568086,23000602.741522808,123089893.72137865,,,,,1046264096.6317185,,,,,,,,12025234878.65428,,3249050475.645819,,68307803.30555393,,13830878.173267514,348001629.7097983,,,Control
,,87547805.4502141,,,,,,5976464.497095467,92975573.58776669,,,,254581450.33760795,1385859015.5605745,199966810.2018647,,115952518.23717143,1671868700.533575,,1143904411.737592,,,162548450.57909748,633232026.8865379,12362743.702563195,,,1405416284.1434505,,185261292.4164401,308565431.1721339,,129720015.69009957,8829230.21704237,16545130.476340098,,327819892.2204907,27922042.130430024,4680994.668963154,237214413.6961435,,,,16269643.922378745,,,5206923.544707555,8629240639.356707,4391893159.690323,937389673.1952903,,,,7911700.619964476,,,,Control
,,510561098.23095053,,,2863190313.157379,3016881.9792965422,,,,,,6720870061.68374,8831691110.565681,8212999420.984944,263938692.5509564,,,1447095157.3600755,417384494.9378663,5758157936.754848,274625292544.4109,,,65679864.2122758,,,,1243509496.6500463,,1353620462.5028362,3016586.9046426727,,40050647.50066124,59365.67451289242,53626616.40749568,,,,,1940047515.8751318,,,,,,,,361800910.7425527,,1050851466739.8988,,,,,1142042455.7265368,,,Treat
,,60321688.07855337,,,710531853.9337984,12997586.996865375,,,,573975.1139747021,,,,23351692887.502903,1128117423.5778985,,,10481295941.55796,,,,,,2801192.493666561,14480857.270074096,,4098168.044105823,318715110.4857611,,14788988.385421835,,,,,,,30640038258.68677,102230853.38525791,,643707019.5145496,,,,,,,166600684.76826033,,889752949.7787973,1884810102992.825,,,,,,,,Treat
46301.343493089575,,,3182542.671302105,,1752434505.8319595,6174001.000020853,,4322459.611540747,,,497735177.7380739,,3386805.2444084506,72111277.42180173,4724395.642491944,27230894.19496594,17750759.34081419,4351122262.92825,,2782669033.4277554,,33110304.18901258,176772784.23538896,1924080.00106512,400298210.39965594,,,,231561759823.26648,4102373670.593513,,,,0.0,715169392.2521487,,,3249165215.7110806,67452772.93192473,406765852.43787336,,,,35423083.64579734,,,1139916.940238642,845148590.6996613,2235985.5617425633,1013626411.5731317,32240540.974495236,,22956477.571048718,10990644.256173728,,,15102252.179346632,Treat
,,281980501.77447194,,,348354278.14985216,,56082221.43519637,,,,,95566117.97172494,1085153978.3923938,2046957863.25631,47905702.58901878,,,1105315701.7712736,5986519.85830946,4017650172.134365,52236811872.05911,,481517815.0110558,17040448.412025567,,,,761377878.3004768,35034466532.80301,1294735429.7660437,2057695.171834283,,242815867.89580354,73620.62287394518,37932888.72047311,,,,,370077292.5406551,,,1830026.130080207,,,,,225019547.50200126,,173209563747.55264,,30537015.380256962,,,332931071.4665442,,,Treat
82868.10418519937,,147226437.46584913,,878986641.7714367,13366711.189538475,,30036940.723636623,131402984.36110458,330878798.3283117,,,36645874.80465231,113838733.36082198,2223006181.0692883,2018111724.8009386,,762353279.27838,196920947.7447369,353940718.4426,3492204118.9614253,,,616664026.1183436,6520765.919733109,,,,1856032174.6021795,,710276962.1797649,2907397.6883480786,,,,,63578333.58123068,2826751271.8989654,41317601.82541135,,1057231263.033564,,,,166389751.25117713,,,,257522152.254829,20195587.69605242,531266378067.21985,,6861433.041285656,,,,,,Treat
,,1579961012.5926564,,,5161677441.267655,,,,,,,1816502787.8673754,6119807423.086893,3167106281.159588,506868903.4350618,,,365400800.44161457,265683194.91339594,3244800080.6313915,503136274792.3014,,,80457491.47511424,,,,1193793222.2254019,14310539330.795744,1422723795.0902674,3546266.549728482,,30238421.141725723,660062.9249707995,,,,,,2205166679.2289915,,,,,,,,384996446.60496175,,493417219098.2835,,53383792.68384942,,,1068688918.9222857,,,Treat
,,485319528.7292238,,,812407588.3526316,,,,,,1834432614.3472867,,1332426242.3974664,1598263178.384038,37955094.72450803,66142356.550459266,4199764.246607104,71001023.18316823,138173565.60345033,2257215199.6620455,330709716113.81226,,273962452.5645264,6694879.200679248,,,,256018603.4548757,,1061517720.6311303,900834.9908080682,,,45454.715005162194,120467266.39311257,,,320486077.40381944,,121392912.56356223,,,,,,,,472539126.2262864,761920.3570517409,164742745228.31622,,,,39943253.03613533,,,,Treat
,,,,,35769135.395166084,,,,,,81149425.12263513,,146647280.93110237,446326983.3320587,100762765.762217,,,922511316.0165554,,8087107209.834306,,,326311037.959843,7717481.103076778,9936281.898282154,,,,,646814739.6218808,,3173872766.7828712,,,621390969.4972668,,,135415401.96567553,,415013554.388592,,,315735481.11236316,21496468.308544863,,,,986727059.6768486,,34739254059.06678,36052119.061267085,,,,,,,Treat
79191.88959650205,,940248087.3402019,1256373.7458869629,,8609413.716834964,91194714.24826525,34112299.11641295,117513491.76170607,,,,1445387258.40614,1209572572.4844007,1634827555.3651361,1163807532.0117135,,572826102.5614324,402980627.62497056,,3423333145.5757766,,,423443001.62172717,73125957.12058316,,,,8647355202.866133,,240427938.1801893,5017086.716712438,,,520971.84772376326,,19295829.51138764,,28691371.75866164,,827664986.5733111,,,,26298755.621076103,,,,193630713.23114607,36891986.03301832,1425884748450.1887,,112873418.20617934,,,,,,Treat
,,2191683270.5677285,,,23368356668.575214,128248171.55975057,,,,,308685412.0838222,,6985626.280585966,21274551435.453766,1640532220.0641356,,98733475.75828657,5428386506.641839,,3087280194.4978886,,9482616.100029461,,65191855.054849155,,,,1369331381.341245,53662075083.68131,1378969102.2294128,,,,882202.8661832581,14466687.049156753,,,1327714884.35052,,1087270618.6417267,,,38546345.853727505,,,,,635561286.5878052,,161877874065.94467,60730359.53717927,,,,,,,Treat
,,33657134.633521214,,,168292415.38207594,,,,,,,,,14098981788.639402,1431958704.6093092,,461374885.1926601,3474627195.898176,,3851078740.8225865,519716333572.0519,,,4233529.905150672,,,,551155806.2673196,,2317738590.711495,1644687.572251224,1748242727.6047244,,,,,,155805834.18390262,,540516591.8338867,,,,,,,,823844338.6475463,,2282297713052.9204,,,,,,,,Treat
,,76863794.27686612,,,323300696.53851557,3917159.0556160226,,,,,10005157.489344373,,,1258813474.3464248,94224077.18508886,,,889677514.3755287,,927643083.0549599,,,,9095177.127069745,361997731.6170921,,,87521811.60881317,20890136333.806934,850333187.8057774,,,,,73046333.02972639,,,11722532.64180657,,109262365.97331588,,,9859330.210110867,,,,177111548.72892445,711527202.3492947,,290533915650.7939,,,,,,,,Treat
,,20078030.479119714,,,213148146.28689054,,,,,,,,,10200371641.587004,837352430.7362022,,129098358.23446074,2305329610.0861473,,2817981145.6715255,68646435284.22788,,,6046254.377122403,,,,172265559.12057072,,886272878.4535811,1179344.4073593712,1091625339.5921059,,,,,,,,492505921.27294827,,,,,,,,897378597.410712,,2164288750252.7766,,,,,,,,Treat
13690.614527308784,,,,11069902.266565543,,51204939.924225576,,,,,279050096.33558416,,3126140.400078109,455203237.1229884,1146425646.4909673,,,12540782320.528639,,,,17711843.62650487,,15058277.336889476,274575253.3361519,,,417937518.1328221,,499917369.85344774,,913399775.8188561,,,,7819201.175223011,,14324719210.590208,11964350.369704038,1123196563.5748062,,,,31438522.437046137,,422729391.20269704,225976556.90876237,1312644499.7934175,,5581861144376.544,16144345.465559186,,,,,,66764794.550110094,Treat
,,487019654.82839304,,,1601059212.977984,123233536.37180738,,,,,,,4056417763.632134,933081312.034549,158822350.9846041,,15004209.262423497,179532056.87815943,828818509.9292339,4769572305.990937,463196225941.6455,,,43981930.67006166,,,,1361860911.429069,,2079346666.2587905,2010554.9831129406,,,495515.54781609017,,,,,,1278422848.6796868,,,,,,,,355827509.85837704,,222179463630.34552,,179933547.12551716,,41065860.67376591,35539598.962312005,,,Treat
,,199850375.6704082,,,3848618498.687571,,,,,,9622495.83512371,,,16498402168.256123,343225563.6137514,,,3402514527.299744,,2751128534.566156,,,,26224648.42271142,15663048.525456835,,,326930626.58769333,59225036796.68087,783457320.7797581,,,,48755.49248150081,259237634.505471,,,,,80740336.7639262,,,65212030.125691436,,,,123541451.46213105,806662124.8201197,,760412332284.7692,,,,,,,,Treat
,,,,,342553170.93285894,265456411.84059957,,,,,,,,23463615976.151604,2303169576.0176024,,790100302.6495553,1898703740.4487276,,1927664998.0774214,976481916471.5858,,,8073573.676352828,,,,1157243265.7403429,,643336314.5404963,665794.60946564,12274206906.500103,,177197.13730387285,,,,,,1450384702.4604027,,,,,,,,527252721.5050058,,1514814060398.9463,,,,,,,,Treat
,,189602989.1955487,,,2041946556.3107657,,,,,,,,,26970810601.991417,286880765.4324012,,,3731912082.0794992,,5827874595.21069,,,,26899641.557420693,,,,126304513.77377988,83657400318.80084,1808883819.9445794,,,,,290144740.46905273,,,218846696.17132863,,168585253.98843974,,,30762368.024948545,,,,212988521.32230952,1263608096.2886748,,1400570030339.2463,,,,,,,,Treat
,,,,,162363465.7039351,2100475.6129403687,,,,,,,,2102086710.7272573,369246567.0104139,,127277554.6495135,329507987.80957603,,911292994.2623564,20685768609.18428,,30775816.768657703,6229933.422964227,32755116.481998563,,,70489652.14682998,,120509474.82062076,981933.974326616,2410119809.776785,,,230175286.37562904,,,20595108.398607723,,324166071.4274515,,,7645526.705641033,,,,,504849331.6296465,,233296786701.27786,,,,,,,,Treat
,,114067399.52732126,,,651798399.2911488,20384107.97322714,,,10035294.381455978,,,77897199.25553983,1026049228.2608865,3492898764.5618305,141970609.2453723,,,1131568539.9172213,43200282.91046723,2267529028.4302254,58690667173.847824,,,28521871.093653347,,,,842158152.9798676,,319066661.7967824,1835182.706199176,,40875402.00126289,126263.9582276055,16525410.000117231,,,12607759.696862586,,1179984480.87427,,,,,,,,134943768.99169314,,1345067860761.763,,49450286.38595158,,,183651996.29945338,,,Treat
,,798718706.710051,,,2683202568.9028654,,,,,,,,4701237757.555673,3358333653.2436876,178207730.4852059,,28093925.606097486,1521120028.6327918,101817873.8751699,10359712165.357502,424635472175.2698,,1480339308.8468306,58273131.03520105,,,,1831789305.4430625,23022558747.51746,5254723572.443838,6601997.997686757,,255106877.6001839,167441.47757317303,126766830.5824001,,,,,1888285801.9116588,,,,,,,,592423565.9688501,,396877530383.7381,,9029606.832254212,,,1184593775.182324,,,Treat
,,484180857.97054446,,,10980363450.208393,106583925.83724055,,,,,55226900.25450009,,,34346964400.96024,542019247.0769663,,,3459925046.1292267,,286675173.8924332,,,,32398841.811481975,,,,494383254.8324562,9114567941.323597,155503937.87285146,,,,30431.13274757865,54983341.70872502,,,,,239566891.83043593,,,16282389.532195728,,,,214331520.28207317,284387695.627731,,124575660912.49066,,,,,,,,Treat
,,104302416.66448534,,,1365914580.0025938,72360098.82049613,,,,1137191.8764178993,,1022724041.9700813,,1689570733.856594,224200256.2310613,,,7876901384.35419,2569935.8834283017,,,,,9772705.518355113,23546885.330503795,,3545150.1950708767,220847168.96482956,2708426998.953911,32437719.687614955,,,,,1521968.6882186644,,,1589767637.1266553,,1350309644.7962017,,,,,,,25611879.331429712,8627858.647331329,414474181.45876426,35763750350.943634,,,,17935449.760226823,,,,Treat
,,578464879.3240949,,,846720826.9983759,,83433176.7333108,,,,,384420344.48295784,3207116508.4424095,18906148894.015404,441094908.5652022,,,3680853308.633469,38576272.63849615,11826148652.127874,126336078646.60884,,1224220492.3752756,35725915.85854789,,,,844308626.9077863,15250270399.58133,5762016187.355682,5812605.549236663,,4589558029.159634,11435.453726093016,77943009.32712902,,,,,853822344.0650715,,,,,,,,689197830.2557052,,585740572354.6633,,,,,1342289103.2763627,,,Treat
,,771738967.1650151,,,106043138.03533731,350992603.41847885,,2545869.6219290174,24553838.944026243,,140102579.3388311,,,14898551720.040506,1064928060.9145154,,82609506.42140858,1951182084.0615761,,214816184.46045396,,,,11104659.181719566,,,,832103683.0199103,,57756351.28955866,,,,246454.77270122242,,,,1117501802.2637482,,717392319.0188243,,,,17870164.3582632,,,71722975.14405568,133986700.9280456,,64864851124.694016,16726056.684793891,,,,,,,Treat
,,830718190.7133784,,,1034292466.9548386,,64363106.20586705,,,,,267886524.7903483,3717884811.732219,3669782355.378656,724688938.7745345,,16868785.788219567,1548347950.097592,54294568.60323788,10636522357.827642,297643072372.42255,,1288092615.81032,36574046.241410926,,,,1148268014.4105947,24798386419.35282,5849915871.907209,5627547.520852139,,1241292521.429837,,25018562.25099026,,,,,2391523516.2056546,,,,,,,,1105965895.9047387,,594272761466.5607,,,,42798634.40522098,1084575025.6525047,,,Treat
,,487791658.24416745,,,3060852789.5293036,432879600.4303796,,,,,305423480.1921503,,1591626019.6761549,7245547141.811429,709206920.9228199,,85542628.16356139,443347705.2861345,92976430.05906215,5766843528.632783,124888755927.32304,36001469.490194194,444377276.440749,27634277.3788315,69865179.44300485,,,197117383.4297504,,795007715.4008404,4109135.1806876175,,,16929.409063691553,360704268.14038134,,,110954249.54612921,,374677703.6248702,,,,,,,102066416.69513156,258812853.84565476,2603838.49543351,532270001858.3262,,11775420.786962958,,38539482.10389503,,,,Treat
,,138639475.103777,,,1007684340.9134139,,,,,,,,41332885.648879424,4414733807.968906,85368917.70023137,,5646168.861876558,804912283.1437584,,108564131.93677157,,,,9772700.178682718,36753648.86629855,,,67082927.33056419,,76057753.95757264,,,,3010.5187739775893,11411206.266493075,,,11173361.452039238,,157538784.4050976,,,,,,,38374523.74325698,122467873.17448266,,112050081173.32892,,,,,,,,Treat
,,,,,2199191115.0949035,63797811.28531405,,,,,707763742.4966317,75826227.40869778,,4344600241.769076,119503487.95686235,,8121056.644209392,10390987230.49338,,8370283678.31349,,29487521.778956737,1171760961.153808,12311281.600474358,25429767.276020657,,,314012754.8951139,120708432562.40251,4368606532.652997,,,,92168.98380978584,66200163.74877577,,,422118615.7508909,28557287.55438322,1335527341.679941,220058.79559152323,,186958040.12459907,13005216.34355213,,417497560.2938063,76423708.81884591,1333426159.279475,2079141.9890441939,2294173490537.21,14359926.37933881,2077222.0548729096,,,,,7333496.993725229,Treat
,,97500495.41745065,,,360431308.35742944,,68870633.43372129,,,,,5061041.27015507,527895724.8560254,3507247307.874217,73380039.45722087,,,1393114485.3317914,10785654.5449913,5517144723.5569,13926655153.43508,,720324083.3336351,20389451.450623836,,,,571559103.0360836,3441559214.5824604,948117711.6531062,2913196.693599748,,583873998.9103312,,59634461.52803546,,,,,574297188.4201366,,,,,,,,241021994.3018439,,544038235875.96155,,,,,81259577.05871233,,,Treat
,,110769675.17504403,,,7534996.0910795685,6640215.30526387,,,,,227802815.85079795,,179615469.32110924,321964103.8084207,,,60517274.08771648,2247851545.6904407,,,,,,1752631.158686734,1556178136.0187774,,,42714009.091307305,179027553718.6961,1158662756.544445,,4300792626.522116,,,1800958253.2191558,,,159909361.48846638,,471287842.31615525,,,122161513.49719642,48794332.32591457,,,,1109583568.6812096,,247669693647.2749,,,,,,,311247664.92332983,Treat
95429.23004214533,,,,,1442891100.984174,21294893.939586688,,,,,1111279723.2593133,,420529536.53920895,5963509645.560655,259070654.98623767,,423805934.51315767,11291319270.22959,,81464476.26425476,,793744.3925430415,,369080.5689670713,,,,,10955835191.997282,376109313.15055346,,,,,33262117.08869716,,,545607683.9818937,,1928672062.6452794,,,30086216.196607217,28649945.529660076,,,3001199.212041441,454702924.14083135,781322.8267520317,4406277874680.751,14836914.41445839,,365394829.88794994,,,,24037773.970622998,Treat
,,83990641.85715474,,,112927434.18615454,,27331383.691553295,,,,,,404543258.2090356,1057183770.9894344,11872136.546111498,,,716367183.995803,847076.8348688101,3108248587.9437494,,,254244474.3386992,8734841.213700077,212145279.21433178,,,42948378.25684653,64715973097.037674,788551434.1815271,247825.98896308604,,306090792.9965414,15932.045032557337,404397013.205215,,,263029033.78167665,,986524429.3120168,,156185002587.11142,19187074.02091463,17567475.683664776,,,,118068216.60651019,,462709725053.3812,,,,33212404.68789005,,,13625433.389668727,Treat
,,309959012.489812,,,1359852172.8435788,16702078.49147994,,,,,1254651865.417456,,1696910919.5608501,6439288452.465571,133506912.40865143,,82105743.88115793,392676077.3180055,383728296.175913,4916605783.727414,170392343053.42892,,416024384.617995,19653007.64743437,13789516.868273113,,,173160634.38551778,2815461104.8699536,858255226.5241085,2139652.2416316555,,,,121809549.70567456,,,85168784.78866589,,107386178.23425508,,,,,,,28019656.69111339,221033607.9170405,246491.9845617818,232783510936.8641,,1536017.3246333245,,10060069.51078529,,,,Treat
,12816752.417247592,338690009.04747134,,,2936908279.0544105,127856525.04709241,,,,,192843380.7474248,48771523.48922561,977111405.9357175,16849633575.658337,266304962.614458,129979106.99147311,162823781.03657603,1060823997.4355843,187258720.6135116,8129337714.952771,231035930815.9123,,450918828.04404205,18453963.700959288,124889616.57867497,,,120518141.83852366,23717522661.718147,621923082.2057401,3482640.572089671,,,14394.124326192192,189553966.921253,,,,,257184315.18734527,,,26487890.58536481,9312031.504271815,,,104118918.72695443,294181203.2264494,4733133.566094604,874655793021.0367,,61218981.68126288,,38300738.44146224,,,,Treat
,,,,,201412552.95125988,,,,,,,,,4198630633.8948336,154900422.4778088,,112604434.74864689,475264427.70885396,,1755889708.1931114,115409245118.11427,,,2096901.5380606286,,,,79038574.51448783,,553281412.756886,1964316.9374652847,251925927.64097014,,,,,,,,277890455.62283844,,,,,,,,539336976.9056205,,797585334083.4832,,,,,,,,Treat
,,56561218.27026035,,,76934355.05436254,,,,,,1967666.7683367175,,133147338.77425538,66529786.171430975,5594402.207530006,,,385572088.98739696,,5080034296.060345,,,239480617.1702129,2147923.711408869,,,,,97954830652.26773,680219453.4584793,587819.7284213103,,1589985164.6491113,,338651022.29438347,,,,,500520633.5359425,,,7363819.296595102,14801383.978222098,,,7644173.056847681,446544122.42327005,,592164086642.7672,,,,,942700162.5653644,212850583.18032056,1466548.7568322585,Treat
,,860766133.4622756,,,8598402798.175922,24314341.099612024,,,,,15903316.835217828,,1642414512.0107875,10033832044.991037,516113553.25327605,,103506520.02817635,4361162373.770628,,1368319101.4777856,,,,61606656.141226724,13456372.694025222,,,618199600.5063045,33251654481.17317,646263609.5350262,,,,73488.92703511227,88020193.80495168,,,,,290931702.9640162,,,144472753.52722663,,,,338876677.85639703,840709684.8414966,,250591326996.55734,,,,,,,,Treat
42029.37699586287,,1488333868.2039177,,862075199.9431496,65710498.97850133,,,5306730968.539876,92548127.30005614,,,98906174.06823745,122693500.18428808,3618269391.5666723,2089358385.4242067,,959709824.3149574,1224607669.1034904,77065950.34585549,2117171844.205388,,,,38629865.672952496,,,,6673397562.019394,,32082802.325940765,2057852.2268702565,,,954865.2402824693,,40602804.63398009,8563161125.904107,40700834.75737334,167989442.6928597,1949796304.2429976,,,,26805558.775933295,,,,102692692.55450974,29976494.864557203,2061524213880.3833,,73599607.20139606,,,,,,Treat
,,,,,2558495899.9242826,342272720.3801424,,,,,,,258130981.41513732,4321787445.270144,51461606.9218701,,,5503411044.432473,,12803863597.101465,81097128025.33096,,174985922.4704741,39063936.925882146,499403819.20428914,,893939.1850981603,6373101228.788,,1268380975.208639,,,5201554156.069861,14794.548145889225,500461384.15916747,,,,,217907170.31895635,,,,30430744.107317645,,2321245666.3047748,2058830031.010709,701784480.1474171,,1294778995196.3042,10332554.339323599,,,,,,,Treat
,,311483187.7277215,,,,,,45442925.79716759,122351163.54275885,,7869343.523403974,758790749.2935654,911225108.8300651,1584524403.7436016,702940810.5088965,,491117377.6876052,1225217222.7577684,,53975687.30614364,,,,16395815.489331935,,,,9831372060.370392,,59104561.42299428,100131.62688002504,,,54577.27231073021,,86669084.85948823,3209855634.1813507,15234489.377773175,350016916.7587858,697237828.2620151,,,,3558332.83170474,,,,34283272.701718405,4624409.150289061,1587793866028.9028,,,,,,,,Treat
,,,,,316576516.68568003,,,,,,,,,11912427215.817995,631992590.4712809,,,2098138464.9237633,,5088740866.736021,285211576045.6042,,,5604001.514424556,,,,289014394.9871151,,612941620.3898841,1868032.0420148328,1093861687.2762628,,274970.70173491817,26510670.67307884,,,,,413367712.6110661,,,,,,,,959202222.0286369,,2142876152128.0398,,,,,,,,Treat
,,1189674719.1124847,,,1846822807.0918086,45071919.07854405,,,,,2390688169.710331,,5479609641.105489,10145980604.695515,160347997.1258659,,107180435.44862069,152799096.67413595,436518477.3754025,5307615296.338934,435170827832.425,,,18187972.574748904,,,,435769045.63653773,,1082304922.3690605,1900644.4523749007,,,,137110672.7524478,,,442247441.8677289,,78552861.4243585,,,,,,,,347838771.5542895,,959311245321.9998,,,,47335973.98175237,,,,Treat
,,665126165.490876,,,3614394841.800973,68869591.52308512,19613794.091129687,,,,,751335475.20495,2720992053.755119,2011050166.92767,286322664.09477043,,,568945264.776722,377825115.97289866,4084461963.375691,458250730760.4613,,,73749470.37049527,,,,1228061420.7241592,,1902220621.313467,3486489.3856569966,,,34213.24772414585,118713249.49726412,,,,,4956376719.60168,,,,,,,,498603091.55674523,,622855017103.9935,,,,,332324329.49131864,,,Treat
,,387164952.2007361,,265312632.77179173,268022295.6713357,,,73649363.70684977,,,,11321546.210895013,,701452844.1276227,207673713.3106031,,244177115.84033328,764950048.1767414,186222596.4679261,4528008426.797019,,,123680764.3087828,2624490.44860282,,,,892657351.7515944,,907312059.1469766,1392828.8445110307,,,275999.9984339478,,,1868292113.9753854,72563518.28181936,95432281.04788533,453635854.5111083,,,,,,,,347851286.94243056,91198947.02848534,603502912320.2709,,33971449.72595136,,,,,,Treat
,1581843.2111030268,1403042697.57632,,,9079705416.485565,377374067.1922013,,,,,350333502.1118364,,5640248507.302359,7808634704.167639,2613898906.528203,267867926.78051555,391382874.5614395,1237225236.8199873,735239745.7626389,860948013.741145,365268682627.23914,56998586.27177368,36889777.52685549,60386396.07632999,2087452920.5605786,,,1104044484.5795252,,191730390.63404468,776396.8362175032,,,289741.8753781532,62743960.19889317,,,43396226.96120379,,750435373.1767726,,,,24645415.689968385,,,1085353365.504935,31026698.762703866,4374110.657368922,4854324958591.103,,44687070.7136605,,,,,,Treat
,30487577.06260149,638952360.7008469,,,2872540540.2444043,141603386.20494172,,,,,111518993.1946594,,2568299570.0411897,12407774750.519642,543843816.2739863,,93473780.35405818,865696209.0178652,65503256.29793217,15442034987.664486,144552384919.20752,44599018.89377186,996079068.8306057,27631767.56078061,30561605.743382998,,,98908768.57957098,38852700525.37242,1190615236.4506466,10633656.138853692,,,,622713479.6148862,,,101387921.58212918,,288362381.2491135,,,13184465.72057879,,,,125141467.13259162,695026188.274314,6291957.041439615,577248405464.3474,,52002164.36507887,,35497353.37226927,,,,Treat
122914.12147977577,,87177633.98734602,810805.1469833937,,,20534190.476107616,,,,,40826324.30081936,14700804.063648822,862948889.2648622,3524209.428015502,25556442.816608097,,,1408329.608121469,,4197905.562669762,,,,9875.677174553728,317972495.4033042,1310152.7844783857,,,672879846.7785901,268521094.6596497,,,,,,,,1275435428.3935645,109773537.75995839,212498656.66388574,,,,,,,23921290.89179399,74569794.66078658,234145214.48572552,38363493307.8549,1750255.7870163447,,55100895.91775246,,,2909757.928318275,,Treat
