taxa326977,taxa469873,taxa357591,taxa190872,taxa263681,taxa361480,taxa347862,taxa517293,taxa2000,taxa322235,taxa158660,taxa331820,taxa244304,taxa361496,taxa127309,taxa248140,taxa348374,taxa470812,taxa268540,taxa291090,taxa541301,taxa171772,taxa259569,taxa104780,taxa138006,taxa181095,taxa278234,taxa177339,taxa510994,taxa193066,taxa405524,taxa346780,taxa549871,taxa544358,taxa302160,taxa192573,taxa175497,taxa263461,taxa302974,taxa194648,taxa195173,taxa287978,taxa199487,taxa190108,taxa191306,taxa299892,taxa174348,taxa192127,taxa183200,taxa182980,taxa181843,taxa194053,taxa109014,taxa518438,taxa193343,taxa357795,taxa352304,taxa179460,taxa469991,taxa175537,taxa288134,taxa190464,taxa178915,taxa366612,taxa261912,taxa185281,taxa511008,taxa470973,taxa162162,taxa181028,taxa204044,taxa470172,taxa328422,taxa213747,taxa262724,taxa82283,taxa316732,taxa293896,taxa196731,taxa167602,taxa470114,taxa170206,taxa365676,taxa223059,taxa187524,taxa191541,taxa212619,taxa357470,taxa326792,taxa325407,taxa188646,taxa171551,taxa290260,taxa367433,taxa310301,taxa193761,taxa327476,taxa189047,taxa180658,taxa269833,taxa367055,taxa203708,taxa181892,taxa589024,condition
0.02754193583252519,0.0027927198685806266,0.010662425482435681,0.0011313827682327216,0.04154214386284411,0.012984462227098193,0.00353360997104427,0.00959554373488803,0.0020861140924270587,0.032861236223075976,0.07063500964319318,0.1771395598706024,0.04345102542095634,0.021045346541902727,0.009809966046895154,0.008282860800405372,0.016123511900438373,0.0011807754417302975,0.0033569585270058853,0.018247977951110557,0.002071586835516006,0.002188967071357303,0.022075619602034476,0.0014620231355282635,0.0034720144017414177,0.0018246234680281252,0.0011447478445908963,0.0026672043688691356,0.0,0.0029031270211046173,0.002212210682414989,0.0011848430736654003,0.004617924426885191,0.001471320579951336,0.0029565873265372956,0.03492991760720974,0.0017502439126435361,0.0,0.0012179652194225974,0.003903183386861439,0.0030332912430276505,0.0077552308293959635,0.005734779938206861,0.0017229326696507582,0.0,0.0017438519196026788,0.001203437962511545,0.002988547291741605,0.0027880711463690857,0.0,0.0018449616277035966,0.004168741643195464,0.0018972597525833872,0.006605834262593536,0.0025690001121504214,0.009809966046895154,0.002802598403280138,0.0020053425440016122,0.001235397927715854,0.0023156447516216832,0.0040420639629310945,0.004073442837858965,0.0010616519350596738,0.001904232835900684,0.002510309994229773,0.0011697347264778984,0.0012051812333408716,0.005698752341067458,0.0017607035376194968,0.001054678851742367,0.0,0.00609854245125961,0.00252774270252304,0.0011377747612735896,0.001582308822751775,0.0016497152948190571,0.01987619290570131,0.0030542104929795603,0.014423241751568778,0.0011296394974033947,0.0016009037115979198,0.001630539315696474,0.005178095453375358,0.008765746820128746,0.007068382122641427,0.005693522528579478,0.0034139053740972073,0.007797650419576243,0.0025364590566696738,0.02137366254809245,0.0013510348927278349,0.042046530222795815,0.013121599532338553,0.007584971378398436,0.0018257856485810028,0.012270883367627392,0.006508792186427711,0.06070824445073313,0.029720443278906484,0.004247188830515144,0.0018089340305641848,0.0025655135704917677,0.0011534641987375194,0.003784059880190804,Control
0.027141714298964698,0.0030028637349132177,0.009588294628468084,0.001113030573558571,0.04300239997217431,0.013031732965414862,0.003408656131523117,0.009089749684061637,0.0021680908047442948,0.033147441768791114,0.06984266849080013,0.1764501281144562,0.043825578833868596,0.02073019443252832,0.009634670902366355,0.008197006411519875,0.016370824686090576,0.0013565060115245063,0.0034202501999976843,0.017993994272530213,0.001959397572202061,0.001982585709151196,0.020834541048799424,0.0012869416006770918,0.0033622798576248367,0.0020869323254223125,0.0012405653267788224,0.00277098236542185,0.0,0.003026051871862353,0.0022260611471171315,0.0012057831213551202,0.004776756211522192,0.0014608526277956233,0.002620259475252464,0.035048868998620364,0.0018666450244055122,0.0,0.0011710009159314077,0.0037101019118618898,0.0027593882969472825,0.007060787701012171,0.005681093552538528,0.001599981449490442,0.0,0.001982585709151196,0.0012985356691516592,0.0033622798576248367,0.0028869230501675338,0.0011014365050840036,0.001959397572202061,0.004173864650844625,0.0017275162027106934,0.006770935989147954,0.002434754379659365,0.00970423531321377,0.002747794228472715,0.0017507043396598279,0.0014144763538973433,0.0023072196264391134,0.0039767654867769705,0.003884012938980421,0.0012057831213551202,0.0020057738461003415,0.002863734913218399,0.001147812778982273,0.001228971258304255,0.0057042816894876626,0.0017738924766089626,0.001066654299660291,0.0,0.005970945264402733,0.002550695064405049,0.0012869416006770918,0.0015883873810158746,0.0015767933125413072,0.02025483762507106,0.0031419925566080363,0.01474765509965104,0.0010550602311857238,0.0018898331613546571,0.0017391102711852608,0.0052057367450812145,0.008475264054909512,0.006898470742368206,0.00549558845694543,0.0038492307335567183,0.008069471658299613,0.0025738832013541837,0.021298303787782226,0.0012173771898296875,0.042851677082004824,0.013449119430499392,0.007663679261689725,0.0018202687505072426,0.012278118514567985,0.007026005495588457,0.06132102816199241,0.02890401270709904,0.0040115476922006725,0.001599981449490442,0.0025622891328796163,0.001113030573558571,0.003779666322709304,Control
0.02737454781560152,0.0029681847695019014,0.010736480845932615,0.0,0.041925609869214384,0.01260319079862721,0.0037102309618773717,0.009971245710045446,0.001889898896206293,0.03328772841109357,0.06913783508023368,0.17656061589834,0.04420972080512014,0.020730915499489827,0.009182821630646503,0.00789583526574529,0.016185882571190035,0.0012522029496336148,0.0032232631481309685,0.01907290603840092,0.0021101938595677527,0.002434839068732025,0.02165847323995919,0.0014609034412392194,0.003571097300806972,0.0018551154809386859,0.0,0.0028058621649197702,0.0,0.002771078749652162,0.002272516464149894,0.0012058250626101519,0.0045218439847880465,0.00140293108245988,0.0027015119191169685,0.03501530470271778,0.0017043873481124205,0.0,0.0012753918931453462,0.003571097300806972,0.0028058621649197702,0.008116130229106759,0.005774046934421661,0.0017855486504034911,0.0,0.0014609034412392194,0.0012985808366570777,0.0028406455801873675,0.0029565902977460356,0.0011826361190984099,0.0017043873481124205,0.003849364622947781,0.00206381597254429,0.006829143864205548,0.002678322975605226,0.009716167331416378,0.002434839068732025,0.0018667099526945513,0.0012406084778777491,0.0021449772748353604,0.003872553566459513,0.004278360077914845,0.0013797421389481483,0.0018087375939152227,0.002179760690102957,0.0011478527038308128,0.0012174195343660175,0.005866802708468597,0.001889898896206293,0.001078285873295608,0.0011710416473425442,0.006098692143585932,0.002434839068732025,0.0011130692885632154,0.0016464149893330813,0.00162322604582135,0.019351173360541696,0.0028058621649197702,0.014562656525368728,0.0011478527038308128,0.0016580094610889472,0.0017507652351358835,0.005379834894722195,0.009403116594007974,0.007698729245895551,0.005855208236712732,0.0034435581114924383,0.00767554030238382,0.002666728503849361,0.021635284296447455,0.0012985808366570777,0.041914015397458516,0.013043780725350108,0.007803079491698353,0.0017275762916241521,0.012475651609312684,0.006991466468787679,0.06090576013356827,0.02912531305073735,0.004498655041276314,0.0017275762916241521,0.0025971616733141663,0.00140293108245988,0.0036406641313421768,Control
0.0276278809859039,0.0028371582124876115,0.010855571321350142,0.0011237694006015334,0.041769159549232236,0.013063391277193734,0.0035103241605627476,0.009508554617521222,0.002070173612442686,0.033022111070327,0.07038727243840842,0.1769378687689346,0.04362498835826953,0.02129683399714025,0.009763303073964714,0.008286857718878236,0.016060109678797774,0.001177869207211848,0.0034130814701999104,0.018276832134463374,0.0019797789988659563,0.002134545534232167,0.02208641725057931,0.0014668580475859162,0.0035021064684194084,0.001730509003851362,0.0011710211304257303,0.0026515753315838816,0.0,0.002859756865881791,0.0022728766853116994,0.0011675970920326715,0.004640256830271793,0.0014442593941917364,0.0029693260944596315,0.03491560430168796,0.0017236609270652441,0.0,0.0012148488218568685,0.003943807421123851,0.0030761560923230295,0.007756131767954295,0.00579552738408945,0.0017366722729588635,0.0,0.0017873480411761196,0.001173760361140173,0.003050818208214406,0.0027330674453386566,0.0,0.0018530895783228215,0.004184859723995116,0.0019119830386834168,0.006712484865750305,0.0026522601392624874,0.009566078462524587,0.002733752253017262,0.001979094191187351,0.0012360778598938269,0.002348890337637578,0.003984211074161931,0.004054061457380307,0.001077202478455952,0.0018044682331414034,0.002460513989251256,0.0011710211304257303,0.0012648397823955082,0.005878389113201448,0.0018037834254627978,0.0,0.0,0.00618929179929109,0.0025324187955054703,0.0011600642075679482,0.0015558830458054142,0.0016031347756296115,0.020008025945993296,0.0030651991694652476,0.014441224326560132,0.0011641730536396126,0.0016264182367024072,0.0017099647734930088,0.005352456816027787,0.008720340979439339,0.007191850240778385,0.005748275654265265,0.003395276470556011,0.007699292730629538,0.0024543507201437538,0.021383804572323955,0.0013600280497225185,0.04200199415996019,0.013203092043630446,0.007490426388653014,0.0018907540006464583,0.012030701297847474,0.006565251214848828,0.060815715514454916,0.02970901152120438,0.004231426646140697,0.0018304909249286419,0.0025700832178291067,0.001194304591498526,0.0038308141541529513,Control
0.02735938774126886,0.002869449299891339,0.010897882249193623,0.0010906782950911207,0.04151355748038934,0.012875207369233255,0.0035144078397380697,0.009649730000636743,0.002025936644805177,0.03321331079401789,0.07078111873604555,0.17706097459945164,0.04362028511001605,0.020924180399422433,0.009803095937925131,0.00834817354177407,0.016113693455724835,0.0011659919250095324,0.003325439095579162,0.018354616280478915,0.002069070814667533,0.0021532851463035695,0.022302419826929286,0.0014446523557076476,0.0034117074353038745,0.0017917797226952158,0.0012063874174203133,0.002674318531466371,0.0,0.002937231566817913,0.0022347608004880306,0.0012406208855650451,0.0046345269174336715,0.0015069572677310513,0.0029564023089789604,0.035037269976769175,0.00175412290773601,0.0,0.0012152881191379486,0.003841679795201702,0.003005013833744478,0.0077429258249752326,0.005745060624048737,0.0016945566731641816,0.0,0.0017506995609215357,0.001200225393154264,0.0030324006082602614,0.00274004679030426,0.0,0.001907488845024409,0.004127186919528755,0.0018636700057991537,0.006656355546061475,0.002561348086588764,0.009772285816594872,0.002729092080497949,0.00200060387837807,0.0012146034497750495,0.00222928344558487,0.00399504573249009,0.004140880306786653,0.0010598681737608632,0.0018698320300652028,0.002477818424315616,0.0012228194821297855,0.0011844779978076913,0.005627297493630858,0.0017548075770989096,0.0,0.0,0.00614833087879367,0.0025291686265327194,0.0011543525458403224,0.0015179119775373623,0.0015665235023028898,0.019914293089152855,0.0030385626325263103,0.014478703017132522,0.001157091223291908,0.0016452604790357654,0.001638413785406817,0.005217865214619876,0.008761029167599526,0.007223261778538218,0.005747114632137425,0.0034349861936422946,0.00780180739018416,0.0024435849561708954,0.021523266091955217,0.0013529066610797637,0.04213181391508319,0.013172353872729548,0.007506714894776585,0.0018424452555494196,0.012247365563458923,0.006378379784726258,0.06103005766970037,0.029629751348627494,0.0042066085656245296,0.0018547693040815187,0.0025764108125724485,0.0011331277955905883,0.003770474181460663,Control
0.027367914357662594,0.002847384940983645,0.01069037398904412,0.0010860441339693096,0.041498422650186384,0.012774942216882633,0.003543567078143464,0.009601346217344084,0.002106448237863556,0.03278222229294547,0.07042677954099713,0.17649510086684642,0.043531274490692995,0.02125742428521987,0.009846004511260251,0.00831838199314956,0.01619618014806801,0.0012242860154910416,0.003346646987918253,0.018176321055332557,0.0021372791610806377,0.0021024700542226446,0.022174395614450348,0.0014679497634969786,0.0034311833902876646,0.001780237179308673,0.001241193295964924,0.0027001921462698523,0.0,0.0028125758341256525,0.0023143083331012733,0.0012034005513762483,0.004702213063559441,0.001440102478010591,0.0028722485887393494,0.03491552327038522,0.0017901826384109508,0.0,0.0011685914445182658,0.003927461799491588,0.0030592232198622727,0.007765414467062626,0.005698748065608201,0.0017454280724506803,0.0,0.0017225535165154315,0.0012650623978104109,0.0030383377557474792,0.0028066085586642858,0.001081071404418171,0.0018309590207303095,0.004092556420589491,0.0018508499389348748,0.0066425721344148675,0.002663393947591405,0.009727653547943074,0.002847384940983645,0.0019960536418282115,0.0011924605463637429,0.0023779592713558803,0.003964259998170036,0.00413333280290885,0.0011099132358147864,0.0018369262961916864,0.0023938720059195353,0.0011894769086330597,0.0012401987500546962,0.005684824422865002,0.001757362623373424,0.001081071404418171,0.0,0.006049822771918799,0.002561950264748121,0.001158645985415978,0.0015853061809039171,0.0015972407318266607,0.019717867216186423,0.00298861046023606,0.014071830083820283,0.0011646132608773446,0.001606191645018721,0.0016827716801063005,0.005248218768274775,0.008732113091804543,0.00704536322805733,0.005689797152416151,0.003378472457045561,0.007918574537237783,0.002514212061057157,0.02133002613666649,0.0013714788102048338,0.04178385732642187,0.013271220626086568,0.0074193124903031765,0.00182200810753826,0.012256783797653626,0.006426755671895329,0.06100345704158394,0.029811513659093573,0.00427654741398172,0.0018438881175632808,0.0026524539425788994,0.001143727796762551,0.003781263550688024,Control
0.02748450157647371,0.0027288375709462968,0.01074112679786195,0.001175759639287696,0.041452247333634,0.012925391529951,0.0035302656061932,0.009648994431817395,0.001971214297874377,0.03319206297531904,0.07042710638683386,0.17707179102739068,0.043789828733335534,0.021052170476187636,0.009797333285546326,0.008247242042217835,0.016316278347405597,0.0011568439465303158,0.00340681582188187,0.018421893620135087,0.0020349303155834443,0.0021743091043220325,0.02204175987623164,0.001494339727833052,0.0034317048912994833,0.0018925648385147442,0.0012036353970354097,0.002617334539955422,0.0,0.0029289456890638416,0.0022738653819924636,0.0012096087736956423,0.004717971998801341,0.001446552714551244,0.002923967875180323,0.03497312478284284,0.0017531860497761453,0.0,0.0012125954620257533,0.0038727392013794544,0.003048413222268346,0.007847025805982738,0.005854904689797572,0.0017253102920284315,0.0010771989243939795,0.001693452283173893,0.0012036353970354097,0.003039453157278013,0.002769655644791169,0.0,0.001831835509135778,0.004200279354915144,0.0019124760940488286,0.006633434781180281,0.002604392223858263,0.009954632204265592,0.00279155802587866,0.0019722098606510807,0.0012494312847638107,0.002265900879778824,0.003938446344641929,0.004085789635594157,0.0,0.001838804448572714,0.0024500799934691095,0.0011429060676564537,0.0012175732759092718,0.0057782463559913465,0.0018348221974658996,0.0010602743571900067,0.0,0.006146604583371909,0.0025128004484014726,0.001153857258200205,0.0015490956805517863,0.0015929004427267688,0.01970915629041367,0.0031648940671427394,0.014362984179511866,0.0011210036865689622,0.0016605987115426504,0.001713363538707977,0.005204802196609713,0.0088983400981824,0.007134202857862504,0.005652805446126609,0.003458585086270493,0.007553334786854982,0.00251479157395488,0.02143844883354892,0.001368898817968315,0.04189427720649066,0.013054814690922581,0.007390062491475496,0.0018378088857960106,0.012001509273169522,0.0064333266630627346,0.06053220794917056,0.02950848070151333,0.004274946563167962,0.0017979863747278424,0.0026760727437809702,0.0011000968682581746,0.003823956625320942,Control
0.028407852770459003,0.0031894451157907246,0.010420174726123742,0.0,0.041244874106063964,0.012856831553715375,0.0030903940252382136,0.009528714911151174,0.0022187444283761574,0.031161473087818702,0.07103944214425796,0.17894570019215916,0.04217595435725751,0.021295984468788966,0.00909289011272014,0.008736306186731116,0.016363240159274147,0.0011886130866300788,0.0034667881693377467,0.017116028447473213,0.0019215911567186349,0.002040452465381646,0.022464787337308553,0.0013669050496246007,0.0036648903504427582,0.001683868539392623,0.0,0.002456467045702169,0.001129182432298579,0.0023970363913706685,0.002832861189801702,0.00134709483151409,0.004199766239426293,0.001426335703956101,0.002931912280354202,0.03496503496503497,0.0019215911567186349,0.0010895619960775785,0.0014461459220666013,0.004021474276431781,0.0029517224984647135,0.00792408724420056,0.00519027714495137,0.0017234889756136233,0.0,0.0018819707204976344,0.0011886130866300788,0.003308306424453735,0.0027536203173596906,0.0010895619960775785,0.001565007230729612,0.004477109292973315,0.001981021811050135,0.006973196774896494,0.002733810099249191,0.009211751421383153,0.0027536203173596906,0.0019612115929396345,0.0011489926504090787,0.0026545692268071905,0.004397868420531315,0.0038828027496582702,0.0,0.001901780938608135,0.002456467045702169,0.0010895619960775785,0.0,0.006042116523702927,0.0017829196299451236,0.0010697517779670782,0.0,0.006260028922918439,0.0028724816260227025,0.0010895619960775785,0.001545197012619112,0.0017432991937241234,0.020028130509716875,0.003704510786663758,0.014619940965550075,0.0011093722141880787,0.0017631094118346236,0.001822540066166124,0.0049921749638463485,0.008300481388300085,0.00766655440876404,0.00517046692684086,0.003308306424453735,0.0077854157174270504,0.002436656827591669,0.021395035559341462,0.0015055765763981013,0.043939063769092096,0.013173795043483401,0.0077854157174270504,0.001822540066166124,0.01200499217496381,0.006497751540244461,0.06057964698191333,0.028388042552348478,0.004595970601636326,0.0017036787575031235,0.002813050971691202,0.0011093722141880787,0.003526218823669247,Control
0.027340713430001957,0.0028102388673987917,0.010842397714160878,0.0010661129463875936,0.04161210221205359,0.012983919414642935,0.0034464207073412476,0.00964846741180312,0.002057278443138121,0.03302045193893114,0.07098220666207299,0.1771687990862226,0.043560735902617116,0.021110198314437632,0.00979139045529704,0.008314519005859842,0.016168895530227028,0.0011561660835483951,0.0033412618826566907,0.01827032905997304,0.0020543735032297135,0.002102014517727687,0.02225009673449893,0.0014600227979683967,0.0034865088780773484,0.0017894429835824438,0.0011689478191454128,0.002694041271062266,0.0,0.002902034968504642,0.0022641101646171382,0.0011672048552003643,0.00459503394712777,0.0014495650142981177,0.0028799574252007035,0.03502544146371789,0.0017510977767913913,0.0,0.001259581944287904,0.0038763518137863756,0.0030083557691525575,0.007737016952067327,0.005696587160397999,0.0017028757743117284,0.0,0.0017743372960586884,0.0011968352422661753,0.002963619694563001,0.002770731684644371,0.0010626270184974972,0.0018760101928531486,0.00420925792729052,0.0019155173756075705,0.0066279108950352255,0.002583653554542574,0.009747235368689162,0.0028108198553804713,0.0019741971617575124,0.0012531910764893898,0.0023053603113165973,0.003987320518287756,0.0040494862323277965,0.0011172398887756636,0.0018260452264284481,0.0024825616457297933,0.0011689478191454128,0.0012043880860280478,0.005715178775811841,0.0017545837046814882,0.0,0.0,0.006128261230788176,0.002562737987201995,0.0011544231196033469,0.0015901641058653096,0.0015448470432940639,0.019887218612995777,0.0029758204421783292,0.014436389368849513,0.001208455001899834,0.0016505868559603001,0.0016633685915573176,0.005174859952847011,0.008668340686704551,0.007190307261303993,0.005740161259024196,0.003430734031835813,0.00778349599060194,0.0024703608981144656,0.021322839915733482,0.0013490540934670264,0.04187412779179244,0.013108831830704768,0.007481382240126977,0.001866714385146228,0.01216646932441557,0.006429793993281449,0.060639458612159115,0.029575193207553325,0.004239469302338009,0.0018138444788131096,0.0025487942756416077,0.0011213068046474397,0.003811862147819609,Control
0.02727586021215872,0.0027192935221582,0.010702708524042833,0.0010726401378493356,0.041753271229336066,0.012766140757094395,0.0034311561036023926,0.00952560443702546,0.0020095848365731537,0.03318615044962579,0.07065963060686009,0.1768337730870714,0.043246998007646295,0.02083571159334444,0.009838996284529644,0.008251575036346988,0.016064832265359926,0.0011824888266652265,0.0033471541650961175,0.018545043347154167,0.0020494319099671554,0.0020935867750794287,0.02229389908997899,0.001481880351085023,0.0034279252598136832,0.0017048085725055236,0.0011351031177642553,0.002598675354046631,0.0,0.002963760702170046,0.0022820526627537504,0.0012320284314253434,0.004549028054493563,0.0014808034031554601,0.0029476064832265345,0.03488449733455385,0.0017672715524204438,0.0,0.0012331053793549062,0.003799472295514515,0.003026223682084965,0.0077809487911259445,0.005521512034893114,0.0016326530612244888,0.0,0.0018189650530396858,0.0012266436917774996,0.00303591621345108,0.0027623714393409105,0.0010974099402293888,0.001826503688546655,0.004204404717031931,0.0019341984815034205,0.006802003123148989,0.00259436756232836,0.009829303753163527,0.0027849873458618284,0.0020063539927844447,0.0012524904420871258,0.002362823757471328,0.0039674761725270544,0.004056862850681164,0.0010952560443702533,0.0018383501157719056,0.0024392870604706234,0.0012277206397070725,0.0012137203166226861,0.005781056485918907,0.001728501426956004,0.0010844865650745758,0.0,0.0060244467180011795,0.0024952883528081365,0.001114641107102473,0.0015604975499434643,0.0015788056647461112,0.02012169511604112,0.003087609714070323,0.014348177265629215,0.0011351031177642553,0.0016466533843088648,0.0017101933121533572,0.005253352000430775,0.008675892520596628,0.00724355177427171,0.0056636691615960365,0.003371923967476171,0.007729255290506703,0.0024597490711324053,0.02139033977707181,0.0013504927036777766,0.04176834850035003,0.01317430402240051,0.007500942329438369,0.0017877335630822257,0.012174896343761813,0.00637230089925152,0.06057078240267082,0.02984330407624791,0.004251790425932902,0.001857735178504115,0.0026148295729901427,0.001163103763933017,0.0038522427440633193,Control
0.027936375186966234,0.002827948169473165,0.010770327720325304,0.0,0.04191528485881698,0.012831647286510045,0.0035490079396990294,0.009416665326406864,0.001980903978427182,0.03395146115122958,0.07021353019069218,0.17628437096246768,0.04360401220172515,0.021243117765947752,0.00976781339294808,0.00829888865657718,0.01605363183599505,0.0012169558947306303,0.0032568313041799976,0.018527751419335065,0.002096166320879639,0.002179262428229091,0.022441310023534982,0.0015198546086173342,0.0035248832633717727,0.0018147117637282789,0.0011258182286054302,0.002726088424980293,0.0,0.0029217663551902883,0.0021712208694533316,0.0012625247277932305,0.004715033962183224,0.0014421195404517187,0.002787740375594401,0.03505315470350772,0.0018897663123019714,0.0,0.0012625247277932305,0.004007376789916955,0.002983418305804396,0.007955782148811725,0.0057979638773179775,0.0017235740976030785,0.001074888356358994,0.001758420852298007,0.0012276779730983024,0.0029887793449882324,0.0029190858355983757,0.0011177766698296813,0.0018281143616878635,0.004122639132369421,0.001929974106180746,0.006535106765095338,0.0025572156906894868,0.009775854951723839,0.0027770182972267285,0.0020881247621038802,0.0011713870616680301,0.002307927368641132,0.004023459907468462,0.003935002760935174,0.0010856104347266658,0.001822753322504038,0.0024178286719097634,0.0011901506988114612,0.0012571636886093947,0.005883740504259342,0.0017637818914818426,0.0,0.0,0.0060392106405905725,0.0024151481523178404,0.0011633455028922817,0.0014501610992274777,0.0015520208437203495,0.02012802161570994,0.003007542982131653,0.014303252542472836,0.0011847896596276252,0.0017852260482171868,0.0017986286461767712,0.00522969372383142,0.00879746530067388,0.00730709640756764,0.005848893749564413,0.0034042598817354696,0.007781548375337071,0.0024633975049723634,0.021256520363907315,0.0013858286290214464,0.04184023031024336,0.01302464469712812,0.007411636671652424,0.0017503792935222584,0.012335751162005248,0.006427885981418631,0.06035457913161886,0.02948571551109468,0.004237901474821878,0.0018307948812797867,0.002672478033141944,0.0,0.0037178806739898455,Control
0.027457355574403867,0.0027518612760342983,0.010851946093676412,0.001123833757421544,0.040985769484497205,0.012805107906889079,0.0035034398265950425,0.009537272641598345,0.00200970690792574,0.0329752144001508,0.0707803223070399,0.1769013288097258,0.04321930072566204,0.02120441051738759,0.009933088304589577,0.00837574215436811,0.016134200358118907,0.0012086513994910891,0.003399773819621146,0.018339459051927277,0.002136933371030058,0.002219394967486572,0.022212798039770075,0.001491376873056261,0.003567053058147207,0.0019460936763735757,0.001185090943360667,0.0026599754971256186,0.0,0.002862595419847328,0.0023513335218169834,0.0012510602205258723,0.004676750541890492,0.0014513240976345297,0.0028248986900386375,0.034812929978324386,0.0018282913957214223,0.0,0.0011426821223258837,0.003868626896616718,0.003048723023277728,0.007765526340589952,0.005640373197625101,0.0017764583922344744,0.0,0.0016939967957779703,0.0011473942135519766,0.0030157383846951304,0.002737725002356041,0.0,0.0017953067571388145,0.004184337008764488,0.0017670342097822992,0.006601639807746677,0.0026269908585430215,0.009923664122137401,0.002874375647912544,0.0020120629535387816,0.0012463481292997796,0.002280652153425685,0.004047686363207995,0.004026481952690604,0.001232211855621522,0.0017976628027518557,0.00241965884459523,0.0011827348977476151,0.001232211855621522,0.005760531523890305,0.0017552539817170829,0.0,0.0011073414381302452,0.0061374988219771885,0.0025468853076995586,0.00111676562058241,0.001587974743191023,0.0016044670624823323,0.020207803223070416,0.003135896710960325,0.014506172839506153,0.0011426821223258837,0.0016963528413910117,0.0017458297992649183,0.005143247573273013,0.008828102912072373,0.007160022618037888,0.005878333804542459,0.0033738573178776726,0.0076382998774856235,0.0024856281217604356,0.021235039110357148,0.0013076053152389026,0.041897559136744845,0.012901705777023811,0.00733201394779003,0.0018494958062388036,0.012352747149184776,0.0061304306851380636,0.060927339553293734,0.029714447271699123,0.004181980963151447,0.0017811704834605566,0.0026976722269343094,0.0011685986240693577,0.0038992554895862746,Control
0.026850774409936315,0.003061548322059946,0.01038561819007735,0.0012507544974269258,0.041511359464353484,0.012824900593019469,0.003571806375736606,0.009352656764341676,0.0021654853985302058,0.032980093713247366,0.070247599609217,0.17699109537469754,0.04436133737391336,0.020808572335301742,0.009483332607356424,0.008332140656988354,0.015550425318755716,0.0010889653584562847,0.0035095797838248207,0.017827918582727153,0.0020472548738978105,0.0019725829636036613,0.02195976428566981,0.0015743327753682294,0.0036527009452219325,0.0018667977573536294,0.0011263013136033541,0.0025761809051480012,0.0,0.0024952863356626854,0.002545067609192108,0.0010516294033092151,0.004666994393384068,0.0015681101161770425,0.002825087272795155,0.034541981170233285,0.0018792430757359824,0.0,0.0013316490669122514,0.003926497949633793,0.003086438958824662,0.007921445150370559,0.0058679676172815705,0.0015183288426476199,0.0,0.0018854657349271586,0.0011574146095592469,0.00298065375257462,0.002787751317648086,0.0010516294033092151,0.001823239143015373,0.0043309707970604116,0.001729899255147694,0.006788921177576028,0.0026570754746333266,0.009962477365077192,0.0026135168602950815,0.0019476923268389552,0.0012818677933828294,0.0022214893312508146,0.0043060801602956954,0.003988724541545578,0.0011947505647063165,0.001729899255147694,0.002501508994853862,0.0012569771566181128,0.0011511919503680705,0.005892858254046287,0.0019290243492654149,0.0011263013136033541,0.0011387466319857176,0.006228881850369934,0.002588626223530365,0.0011263013136033541,0.0015867780937505822,0.0015556647977946895,0.019557817837874848,0.003086438958824662,0.014393010709196468,0.0010951880176474612,0.0015930007529417589,0.0016801179816182611,0.004978127352943008,0.0089046253025768,0.006981823612502562,0.005656397204781487,0.003366458622427709,0.007436077733458613,0.002283715923162601,0.021679744622066763,0.0013129810893387224,0.04173537519523594,0.012999135050372411,0.006981823612502562,0.0018605750981624527,0.012183966696327977,0.00658357342426713,0.06065225913641939,0.03039769014890828,0.004467869299266346,0.001717453936765341,0.002588626223530365,0.0011947505647063165,0.00395138858639851,Control
0.027455085011593244,0.0028263538633842714,0.010875318126500373,0.0,0.041629971855034524,0.012869503728049188,0.0035097666587258596,0.009473998514601211,0.0020696412729587373,0.03315737789385971,0.070437869261192,0.1774846744141671,0.04371147044778626,0.02112866593295013,0.009841575428183993,0.008383125093645884,0.016290879457409087,0.0012256156913302487,0.0033955052134479234,0.01822685639815592,0.002049160447861752,0.002160188078650685,0.022021198731913532,0.0014778532214721003,0.003469882946694884,0.0018206375573058893,0.0011943554846032683,0.002684066025868358,0.0,0.0028877963386752374,0.0023100214833075895,0.0012159142478632586,0.004696576576188126,0.0014250342514851302,0.002898575720305233,0.034833571737323696,0.001675115905300972,0.0,0.0011814202266472744,0.003778173261312688,0.0030182268563981617,0.007670607967903313,0.005578329993521592,0.0018227934336318883,0.0,0.0017387142569179376,0.0012266936294932534,0.0029751093298781813,0.0026140000452734066,0.0,0.0018788462181078516,0.004200725021208431,0.001837884567913881,0.006507512690027025,0.002609688292621408,0.009877147387562972,0.002819886234406274,0.001960769518495803,0.001248252392753233,0.002343437566360568,0.003951721305555583,0.0040433460494105344,0.0010660808432063538,0.0018465080732178773,0.0024674004551054948,0.001164173216039293,0.0012169921860262526,0.005757267728579488,0.001754883329362925,0.0010585352760653522,0.001055301461576359,0.006014894949536322,0.0025309988067224497,0.0012180701241892575,0.001508035490036076,0.0016190631208250089,0.01994508982997682,0.0029934342786491677,0.014558632829469148,0.0011781864121582811,0.001623374873477007,0.001674037967137978,0.005254948544621795,0.00888113252495158,0.0072793164147345515,0.005611746076574572,0.0034278433583379083,0.0077956487948112356,0.002488959218365485,0.02119010840824111,0.0013754490959871635,0.04143270917120573,0.013215521878371885,0.0074119028087834765,0.0017236231226359445,0.012351015471646465,0.006522603824309019,0.06067821713339598,0.02984164010447373,0.004214738217327429,0.001805546423023896,0.00257411633324243,0.0011372247619643105,0.0038385377984406603,Control
0.02727238845591009,0.0027544528680555893,0.010657770658220721,0.0011391916380520963,0.04147009164867046,0.012940373162614035,0.003525165235527876,0.009642343049981692,0.0020484353343492353,0.03305202800723742,0.07090764742159446,0.1770268645297209,0.0436816704768642,0.02120162215263623,0.009773139126943223,0.008132562527205235,0.016048538002237652,0.0011391916380520963,0.0033444416238122042,0.018369816765947455,0.002020307145755355,0.0021412583567090283,0.022173451068554725,0.0014577433738777767,0.003483676157351899,0.0017889527945707,0.001112469858887913,0.002686945215430282,0.0,0.0028908745827359,0.0022952601892605173,0.0011743518737944419,0.004629196637837617,0.0014598529880223172,0.0029583822353612173,0.034887392312987986,0.0017474637163947227,0.0,0.0012193569755446466,0.0039428688361469715,0.0030469860294319298,0.007840029365828895,0.005781045960756957,0.001691207339206972,0.0,0.001746057306965036,0.001193338401095317,0.0030483924388616268,0.002745311206762584,0.0010744968042861736,0.0019056847772352926,0.0041932097146325014,0.001902168753661065,0.006649503783592973,0.0026046702637931816,0.009643046254696535,0.0027488272303368114,0.001964050768567594,0.0012383435028455213,0.0022966665986902143,0.00399068675675657,0.004147501408167442,0.0010562134817001525,0.0018473187859030015,0.0024942671235622105,0.0012116217236813381,0.0011827903303726038,0.005774717118323336,0.0017481669211095762,0.0,0.0,0.006193827128372137,0.0025631811856172146,0.0011602877794975016,0.0015737721518275258,0.0015730689471126825,0.019813496045528324,0.0030715981944515725,0.014409367811929348,0.0011560685512084204,0.001627918914870746,0.0016778464496248753,0.00528880266036408,0.008809748667602877,0.00727816879866616,0.005772607504178795,0.0033683505841169935,0.007802056311227155,0.002517472879152156,0.021387971402070664,0.0013501530525061895,0.04184068053339486,0.0130978910187397,0.007393494371901065,0.0018719309509226446,0.012085276229360044,0.00643080711727556,0.060429193965659725,0.02980673824821863,0.004269859028550814,0.0018149713690200399,0.002563884390332058,0.0011476300946302587,0.0038880188683889073,Control
0.027326515504619873,0.0028064595728346958,0.010784964220108039,0.0011252159131412225,0.04155731637101418,0.012886244619307456,0.0034452882954514245,0.009393798152057686,0.002059057384914869,0.032907081951032285,0.07043237463329034,0.17673457077838414,0.043493543168919443,0.020991418309434372,0.00986318646670139,0.008248841608861354,0.01609848380994158,0.0011685356290954943,0.0033378115318180605,0.018486003344940098,0.002039316754859761,0.002167630850217966,0.02215063197433716,0.0014635483782524013,0.003461738820497355,0.0017898171249965704,0.0011625037699119843,0.0026096016231184757,0.0,0.0028431990787706014,0.0022783977188605294,0.0012113069942149,0.004603405258684508,0.0014399692923532485,0.0029621912099361196,0.034946947056726914,0.0017486908123817643,0.0,0.001223919063416776,0.003926740328462151,0.00303731527431251,0.007872124585309679,0.005764263976091906,0.0017492391632166306,0.0010659940229758968,0.0017651413374276846,0.0012200806075727214,0.002972061524963674,0.0027450442793299145,0.0,0.0018484906643270402,0.0041899487291969404,0.0018534258218408173,0.006581306720039479,0.0026024730622652326,0.009694294409563235,0.002790557398623642,0.0019658377429879587,0.001239272886792974,0.0023288459956680237,0.004024346777067972,0.004101115893948951,0.0010643489704713078,0.0018254599292627436,0.002494996298631868,0.0011466015957009306,0.0011800509966276376,0.005708880541770623,0.0017481424615468978,0.0010703808296548178,0.0,0.006174430400570285,0.002552573136292595,0.0011438598415266085,0.0016033778411427611,0.0015622515285279549,0.019803142050283728,0.0030455405368354648,0.01444685109533077,0.0011762125407835933,0.0016582129246291762,0.0017048227455926256,0.005232363666273685,0.008861349491404597,0.007224522249335129,0.0057247827159816874,0.0033553587585337134,0.0076752666355934486,0.0024549666876867845,0.021319880459518038,0.001337976037068517,0.04184245880514347,0.013054588325610683,0.007567241521125218,0.001838620349299486,0.012222191758286923,0.006422833328763742,0.06075672415211247,0.02976009650974698,0.004382968223069115,0.001785978669152526,0.002527348997888853,0.0011164422997834015,0.0038384558440490183,Control
0.02734061949647853,0.0027696691636102137,0.010595365439993197,0.0011032318231830552,0.04158251873200833,0.01302030548227805,0.003512390274792016,0.009465502182544671,0.0020471682154818427,0.032945550059945344,0.07084602641739639,0.17716906867408502,0.0437150061720815,0.020975213532319466,0.009693842072635753,0.008348954642228871,0.016083413597517117,0.0011416994504554199,0.0034038918388956084,0.018433391084091724,0.0020905675898404037,0.0021157194999800216,0.022104583615059358,0.001456344914555019,0.003388110248219759,0.0017241387813357045,0.0011599469146743625,0.0026113600821431743,0.0,0.002879647123632485,0.002290303346831525,0.0011905237466088125,0.004641267182823315,0.001441549673296419,0.0029047990337721136,0.03508592829535641,0.0017680313304028901,0.0,0.0011929896201519053,0.0038783259085880904,0.00297729571593926,0.007821750878714036,0.005784939332113223,0.0017132889377460617,0.0,0.0017404135467201684,0.0012230732773777302,0.0030340108074305666,0.002771641862444692,0.0,0.0018568027779545004,0.004182614703806672,0.0018987226281872076,0.006550839654600164,0.002583742298460453,0.00979592923732011,0.0027928483749153636,0.0019899599492819112,0.0012156756567484302,0.0022799466779505075,0.004022826098213769,0.004114063419308483,0.001087943407215841,0.001827705470145915,0.0025151910139622645,0.001178194378893305,0.001196935017820873,0.00574647170484086,0.0017749357763235652,0.0010869570577985912,0.0,0.00613854559819379,0.002570919756036332,0.0011791807283105446,0.0015914747847169083,0.0015959133570944903,0.019763976447948577,0.003048312873980542,0.014496870559886408,0.001196935017820873,0.0016230379660685974,0.0016541079727116616,0.005170936819881249,0.008852979194438563,0.007199364396435525,0.005753376150761533,0.003409809935399045,0.0077418565759175915,0.002488559579696782,0.02122032136250368,0.0013414352074465408,0.04174871860881329,0.013148530906519264,0.007509571288157542,0.0018035399094235363,0.01218634705000148,0.00656514172115014,0.0607413698124802,0.02977838208118742,0.004263988530728972,0.001779867523409772,0.0026251689739845356,0.0011239451609451018,0.0038058292264209446,Control
0.027388802487163494,0.00275840544715343,0.01087154002552597,0.0010900940903481398,0.04134140374868737,0.012962017835024908,0.0035333824353124166,0.00968570461465627,0.0020279067102603825,0.03318680639371096,0.07036233189671096,0.17696237667650927,0.043693473985123125,0.021014842920155558,0.009919403900968807,0.008268431523470577,0.016288086387318098,0.0011549267955832303,0.003365269722900496,0.018416257630093285,0.002014337074280945,0.00201056773095332,0.022093628980520814,0.0014632590797826806,0.0034941812647051526,0.001733144062040381,0.0012318213994667092,0.0027078962465633023,0.0,0.0029129485235859127,0.0023264387018080085,0.0012061898648388827,0.004548089659108127,0.0014165192225201672,0.0029174717355790617,0.03518229675135383,0.0017572678593371573,0.0,0.0012122208141630822,0.003943486989357636,0.0031202624066050968,0.007856819232094308,0.005681908132056681,0.0016600188014845164,0.0,0.001748975304016383,0.0012076976021699326,0.002937072320882689,0.002767451871139719,0.0,0.0018597939978484625,0.004206587153625623,0.0019012567744523014,0.006578257975365085,0.002642309672662687,0.009797277177153861,0.0028104223850746075,0.0019623201363597673,0.0012815767313913223,0.002328700307804573,0.003980426553968326,0.004105568752445368,0.0010998943829999637,0.001869594290500276,0.0024508270316195156,0.0011338184729485536,0.0012129746828286072,0.005784434270567985,0.001718820557395418,0.0,0.0,0.006229216783227331,0.002525460029506419,0.0011843276735386814,0.001587647409594187,0.0015989554395770505,0.01991193306249342,0.0030230133487524668,0.014550419113284632,0.0011933740975249695,0.001592924490252851,0.001715051214067793,0.005113491158251354,0.008912989232493859,0.0072590013803335305,0.005697739374032694,0.0033795932275454592,0.007813848718159419,0.002487766596230205,0.021541043248691445,0.0013916415565578657,0.04193394451978947,0.013229641211286045,0.007508531908622079,0.0018047615852651853,0.01208074536502695,0.006376221173004563,0.06100606788888881,0.02946948000401059,0.004255588616884701,0.0018273776452309115,0.002674726025280238,0.0010931095650102396,0.003862069173481008,Control
0.02744545158308446,0.0026357032495184078,0.010804388257487543,0.0010884190879003723,0.04203824762310112,0.012792803576930871,0.003424862506733349,0.009421142817874902,0.0020593509830131203,0.03271464134263476,0.07097999835961279,0.1761332526440161,0.04327962173557397,0.020945971408494118,0.009689368295748508,0.008394792435598174,0.01615338063855402,0.0012369406334998127,0.003387177935461841,0.018361253167166528,0.002066001201472802,0.002072651419932473,0.022131927033803057,0.001374378481666461,0.003460330338518286,0.0017357070179755442,0.001117236701225638,0.0026711710813033555,0.0,0.0029526969960963225,0.0021768381758007446,0.001166004969929928,0.00451328159463371,0.0015095995903465379,0.002910578945851704,0.03495354822405911,0.0018088594210319791,0.0,0.0010884190879003723,0.0038216588748273697,0.003116735718101677,0.007767455160902036,0.005690370261996441,0.0015982691698088964,0.0,0.0017024559256771576,0.001154921272497136,0.0029837313489081384,0.002795308492550651,0.0,0.001924129874333043,0.004132002402945604,0.0019307800927927143,0.006630267804297373,0.0026024521572200316,0.00979133831213022,0.002748756963332911,0.0020017157563625987,0.0013499943473143055,0.002285458410642127,0.003859343446098868,0.004076583915781633,0.0010573847350885456,0.0019529474876582983,0.002551467149029181,0.0012746252047713103,0.0011394040960912225,0.005805640715297495,0.0018864453030615347,0.0010640349535482273,0.0010817688694406908,0.005991846832168433,0.002560334106975412,0.0012857089022041024,0.0015849687328895437,0.0016669880938922203,0.019773316220104538,0.003043583315045231,0.014169398798083812,0.0011770886673627202,0.0016913722282443653,0.0015827519934029828,0.005302440851848653,0.008778288366772842,0.0072509548605338295,0.0057347050517276114,0.003360577061623136,0.007889375832662771,0.002522649535703915,0.02138488582683279,0.0012967925996368948,0.04174563801087534,0.013287136482433452,0.0075058799014880925,0.0018288100764110135,0.012369406334998124,0.006428544511020523,0.06102905480445031,0.029577954969154014,0.004284957427518154,0.0018398937738438057,0.0026179693336259445,0.001117236701225638,0.0038460430091795147,Control
0.027339968588498253,0.002866465674405828,0.010730417099553202,0.0010965228043515324,0.04124697902429405,0.012910171522749007,0.0034424170463884514,0.009636109492786206,0.0020822857294756445,0.03283808899334776,0.07083094276593996,0.17737530098997173,0.043692557157635675,0.020625704709731577,0.009802249311627357,0.008072179998094934,0.01584087792710673,0.0011053835946897334,0.003353809143006513,0.018262088887018305,0.002006969011600987,0.002241779955563139,0.02187729134500154,0.0014620304058020463,0.0035155185666785583,0.0017788036603924857,0.0011563331391343482,0.0026759586821346495,0.0,0.002797794549284821,0.002175324028026683,0.0011851307077334807,0.004671851705812895,0.001524055938169402,0.0027269082265792745,0.034743158916059544,0.0017610820797161046,0.0,0.0012272194618398943,0.003914254131897295,0.002926276009188643,0.007890533796161945,0.005655399433352457,0.0017189933256096808,0.001089877211597892,0.0017123477328560297,0.0012360802521780955,0.002992731936725099,0.002822161722714853,0.0011319659657043157,0.0018607659710207836,0.004137989087936696,0.0017123477328560297,0.0065990736043701455,0.002600641964260003,0.009793388521289156,0.002806655339623022,0.0019382978864799806,0.0011784851149798296,0.0024743757019407304,0.004042735591801107,0.004016153220786524,0.0011009531995206329,0.0019072851202963084,0.0024655149116025402,0.0011496875463806973,0.001191776300487121,0.005684197001951591,0.0017898796483152269,0.0,0.001061079642998759,0.006257933176349663,0.0025585532101535784,0.0012161434739171534,0.0015572839019376355,0.0016769045715032565,0.0198149423937868,0.002946212787449575,0.014427581868164693,0.0011563331391343482,0.001652537398073224,0.001668043781165066,0.005221220706780936,0.00899591739085168,0.007093062665724472,0.005759513719826238,0.003453493034311192,0.007529456589880532,0.002368046217882401,0.021365580702970847,0.0013889288855119396,0.04130235896390781,0.013523781253668913,0.007755406743504483,0.0017721580676388457,0.012469347203423815,0.00632660430147067,0.06044166609440729,0.02944883668898845,0.004366154439145197,0.001781018857977036,0.002613933149767294,0.0011231051753661148,0.0036883039782733443,Control
0.027308434238966228,0.0027773258651544335,0.010958235526529893,0.0010690961489297377,0.04040486206335552,0.012515397308666652,0.003672112859367371,0.00952890045785204,0.001905780091570412,0.032096125688521146,0.07042089850558943,0.17755130499453864,0.04347270318637133,0.02125409626513588,0.010353963790178252,0.00806470355823087,0.016826643735329005,0.0010923373695586533,0.0035210449252794773,0.017767913170799666,0.0019522625328282227,0.0023357426732051917,0.022695051944128117,0.001371232017105538,0.0032537708880470344,0.0019871243637715804,0.001220164083017643,0.0029051525786134235,0.0,0.0026378785413809914,0.0019522625328282227,0.001103957979873106,0.004938759383642824,0.001371232017105538,0.0027192228135821707,0.03437376531015407,0.0016152648337090646,0.0,0.0,0.004125316661631067,0.0030097380714435074,0.008099565389174238,0.006054337973830383,0.001661747274966875,0.0,0.0018709182606270439,0.0013596114067910853,0.0029051525786134235,0.0028354289167267076,0.0,0.0018941594812559592,0.004067213610058793,0.0018825388709414967,0.006542403607037437,0.002231157180375107,0.009587003509424302,0.002591396100123181,0.002033606805029402,0.0011388198108164642,0.0023822251144630124,0.004195040323517783,0.00418341971320333,0.0,0.0016501266646524225,0.002626257931066539,0.0012085434727031905,0.0013015083552188114,0.005659237223138952,0.0018360564296836855,0.0,0.0010807167592441903,0.005984614311943658,0.0024868106072930963,0.0012782671345899063,0.0014990587305645277,0.001568782392451254,0.020661445139098688,0.0031027029539591393,0.014804657540614033,0.0012085434727031905,0.001592023613080159,0.0014758175099356225,0.0052292746415041735,0.008785181397727009,0.007402328770307007,0.0057289608850256786,0.0033467357705626657,0.007483673042508185,0.002742464034211076,0.02221860692123545,0.0011504404211309166,0.0424965719199572,0.013154530875961547,0.007344225718734742,0.001661747274966875,0.011550886652566978,0.0067283333720687,0.061461407953145704,0.030492481465126575,0.004578520463894761,0.001975503753457128,0.002963255630185697,0.0010807167592441903,0.00375345713156855,Control
0.027265537272950193,0.002748592074018319,0.010759674214084847,0.001094285008295383,0.04154848483981175,0.01284616184542052,0.003433593500309591,0.009679699820544898,0.00201398051657503,0.032773215871807426,0.07064482676046799,0.17712152478646145,0.043237137380947685,0.02103087944451914,0.009765563509077237,0.008355490935179597,0.01629979020638766,0.0012087699263384928,0.0034154667216194303,0.018415853108217844,0.0019729567542762514,0.0021303735165855244,0.02192481584623915,0.0014759014017724189,0.0034564904839182093,0.0017325384263857232,0.0011734704099418687,0.002607394008431811,0.0,0.002893606303539585,0.002272525623155719,0.001167746164039714,0.0047415836889521164,0.0014320155165225576,0.002864031033045115,0.034916945962164644,0.0017296763034346403,0.0,0.0012240345820775818,0.0038819927626450954,0.0029556189674796074,0.007799285041686826,0.005790074730030252,0.0016638474755598593,0.0,0.0017497111640921864,0.001186826983713562,0.0029317679428872917,0.002829685557632189,0.0,0.0018861390247602264,0.004210182861035345,0.0019395653198470118,0.006628676754696028,0.0026350611969588955,0.00976365542710984,0.0028268234346811062,0.0019223925821405484,0.001247885606669897,0.002313549385454497,0.004094743902008549,0.004156756565948561,0.001065663778784611,0.0018651501231189938,0.002383194377264059,0.0011477113033821684,0.001178240614860336,0.0056526928283785255,0.0017897808854072778,0.001063755696817226,0.001065663778784611,0.006185047697278981,0.0025444273035081016,0.0011524815083006356,0.0015398221476798258,0.0015875241968644458,0.019916559575566244,0.003075828131424871,0.014630218484925687,0.0011849189017461772,0.001660985352608777,0.00170773336080971,0.005179488500467008,0.008851592246699744,0.007147675049824792,0.005693716590677304,0.0032952575576741657,0.007772571894143438,0.0024194479346443805,0.02148214082980579,0.001325162926348987,0.041836605216886966,0.013072269558555743,0.007498762131823661,0.001787872803439893,0.01209151542731978,0.006500835262881226,0.06066460403005997,0.02961247809283393,0.004289368262681831,0.0018470233444288326,0.002628382910073054,0.0011391249345289417,0.0036778279921348893,Control
0.027648632279118065,0.0028009664897067988,0.0107135082239997,0.0010830978538496831,0.041511207099086775,0.012876470803777193,0.0035219540162992726,0.009565747811711262,0.002085367509650886,0.032953117489713316,0.0703927388257711,0.17649753096797652,0.04361920650419128,0.02089031721295752,0.009730637335730168,0.008222922014799105,0.01621090340060397,0.0011930242031956274,0.0032406718870905534,0.018564620527775813,0.0020034616022950873,0.00216404028908475,0.022329059138220517,0.0015034044837017992,0.0034766902253921253,0.0017706763919154611,0.0011456049936738428,0.00268134075659504,0.0,0.002874250722604091,0.0022545678708990446,0.001231821738258895,0.004811972057153084,0.001477539460326291,0.002890416362213785,0.034737804102623844,0.0017254126010083034,0.0,0.0011563820867469758,0.0040284773907364405,0.0029895656184865966,0.00805264394424364,0.0057916098175007135,0.0016844596473304088,0.0,0.0016876927752523436,0.0012350548661808397,0.003021896897705995,0.0027912671059409843,0.0,0.0018827581598760213,0.004100683914326425,0.001867670229573635,0.0065664828094588405,0.0025929685933953725,0.00976081319633493,0.0028397640247700764,0.001970052613768381,0.0012167338079565088,0.0023041424990354557,0.003987524437058546,0.004082362856102104,0.001089564109693563,0.0018299504038176754,0.0024970524650444956,0.001204879005576068,0.0012199669358784538,0.0055965444328770365,0.0018083962176714205,0.0011143514237617633,0.0,0.0062528694010307246,0.0024711874416689875,0.0011585375053616022,0.0016510506588037028,0.0015950097748234225,0.019794286847420125,0.003136134084281181,0.014273182066054931,0.0012738524012441074,0.0016629054611841433,0.0017103246707059175,0.005211802210166252,0.008795185656982377,0.007190476498393141,0.005693538270535209,0.0033937066087290184,0.00780800393148356,0.002477653697512867,0.021408695389775172,0.0013158830642293201,0.04189810474041217,0.013054292839483806,0.007541809732577218,0.001787919740832463,0.01224708856830628,0.00646733355318604,0.06119880072508285,0.029516302508691708,0.004251563217350262,0.0018051630897494755,0.00265655344252684,0.0011024966213813222,0.0038258680409615753,Control
0.027653987206271376,0.0027375862671159797,0.010788644757352509,0.0011658592431131852,0.041508469862296046,0.012696708428467027,0.003398940539561605,0.00947563823112796,0.002055210954225879,0.03316473380894784,0.07076329014857026,0.17658159074298022,0.04390163446674469,0.02095150931070395,0.009908995064906508,0.00831139599112589,0.016149010070695406,0.001203050314668802,0.0034425996235616825,0.01831741124269924,0.002116657072448213,0.002111806063114867,0.022023582373372527,0.0014132607191136252,0.003392472527117144,0.0017544483755586703,0.0012192203457799433,0.0026146940306713126,0.0,0.002913839606227405,0.0022686553648929215,0.0012159863395577132,0.0045745018013414705,0.0014472177844470223,0.0028653295128939827,0.034925650196951,0.0017738524128920418,0.0,0.001117349149779762,0.0038646374355624327,0.003096560957783281,0.007716338846235945,0.005741978047565772,0.001565259011558334,0.0010559030315574285,0.0016833002386696563,0.0011852632804465568,0.003082007929783255,0.002680991158226991,0.0011141151435575317,0.0018870426306700186,0.004176719036007427,0.0019468717457812373,0.006637797771122915,0.0026454170897824794,0.009952654148906585,0.0027440542795604404,0.002001849851559121,0.0012596454235577906,0.0022848253960040623,0.0040085507124515765,0.004152463989340719,0.0,0.0018870426306700186,0.002477248766226629,0.0012450923955577649,0.0011820292742243262,0.00557057571778768,0.0017156403008919381,0.0,0.0,0.006091250719566391,0.0024659297444488337,0.001146455205779814,0.001450451790669242,0.0016024500831139617,0.019796969089368507,0.0030593698862276648,0.014543325981359248,0.001144838202668699,0.0017075552853363732,0.001696236263558567,0.005242324086231546,0.00881913496801568,0.007192429838235013,0.005803424165788093,0.0034506846391172477,0.007869954141791768,0.0024513767164488077,0.02130886699826007,0.0013194745386690093,0.04227654634007517,0.013105810215578812,0.007519064466680044,0.0018255965124476952,0.012247181563577306,0.006469629447567065,0.060553532504996586,0.029775495288052962,0.004270505216452042,0.0017900224440031828,0.002541928890671183,0.0011771782648909805,0.0037983403080067537,Control
0.027311872273425797,0.002809575183073586,0.010698205023563504,0.0011232913243927947,0.0415038635025948,0.01285993473057845,0.0034210551126591126,0.009573566827079136,0.0020256956257635123,0.03313709406958753,0.07113370264566089,0.177566229067924,0.043763914872296326,0.02133445393091353,0.009818697547749985,0.008248244688946629,0.01625135865722245,0.0011569631266827522,0.0034129738801095292,0.01813293896918488,0.002049939323412272,0.002169810939564498,0.022127761592864822,0.0014869467891242755,0.0036042297171164518,0.0017967273701918302,0.0012135317545298656,0.0026210130902498616,0.0,0.0029119374620350425,0.002276213834800756,0.0012041036498886785,0.00471135857641007,0.0014478874984679326,0.00288365314811148,0.0350281024861912,0.0017697899283598726,0.0,0.0011394537894919715,0.0038520541819704983,0.0029994841479889147,0.0077202708290401816,0.005844078005444063,0.001737464998161519,0.0,0.001737464998161519,0.0012067973940718762,0.002921365566676229,0.0028243907760811694,0.001089619522102848,0.0018681115910465366,0.004137591065389292,0.0019125583700692645,0.006673751213868468,0.0025994631367842894,0.009631482327017854,0.002792065845882816,0.001998758183931544,0.0012337348359038338,0.002183279660480488,0.004036575658519441,0.004091797414274961,0.0,0.001842521021306173,0.0024876727531816466,0.0012162254987130635,0.0011744724638735231,0.005658209656803525,0.0017293837656119362,0.0,0.0,0.0060259057378097974,0.002549628869395155,0.0011879411847895015,0.0016081652773681056,0.0015583310099789715,0.0199390944440179,0.0031328244850571305,0.014485609345137348,0.0011704318475987312,0.001702446323779968,0.0016647339052152186,0.005244719924682911,0.00880989035114302,0.007124953364553833,0.005673025249811099,0.003470889380048247,0.00781320500336045,0.002606197497242279,0.02117417615201337,0.0013441783474148832,0.04173283175816646,0.012947481416532302,0.007535749352491239,0.0018061554748330173,0.012133970673207053,0.006494617225685932,0.060727768865974134,0.0298749698637369,0.004241300216442342,0.00180346173064983,0.0025550163577615507,0.0011502287662247632,0.003783363705299,Control
0.02745177717043418,0.002771018861076237,0.010681170584098672,0.0010716184347959905,0.04165405020480587,0.012965448812343025,0.0035087736601810645,0.009498593038474707,0.0020796203127172942,0.032862636566007804,0.07044177506960832,0.17731117964822482,0.04347673853200601,0.021047710445049647,0.009782648362194215,0.008249440026354023,0.016137399927210853,0.0011460843269516224,0.003338636356911565,0.01830332177057207,0.002009099633391097,0.0021225245022374302,0.022199219439641676,0.0014030163124687518,0.003490527050844915,0.0018123321435228946,0.001157919965439936,0.002658580295437262,0.0,0.002946087680382529,0.0022788535606038983,0.0012082214290152662,0.004632173013363428,0.0014326054086895308,0.002879512213885766,0.03493091439184054,0.0017511813446666193,0.0,0.0012023036097711043,0.003853486631153172,0.003050635820362624,0.007684288288537086,0.00574275042485011,0.0016781949073220205,0.0,0.0017304689773120678,0.0012101940354299835,0.003055074184795743,0.0028060326249374932,0.0,0.0018655925167203008,0.0042060900277841595,0.001917373435106674,0.006682697381463618,0.0025969363449773026,0.009795470303889886,0.002786306560790311,0.002041154487630277,0.001240276283254447,0.002302524837580515,0.003980719744902535,0.004094637765352554,0.001105152743846204,0.0018527705750246283,0.0024790731116978507,0.0011648240878914568,0.0012121666418447006,0.005744723031264828,0.0017896471697536362,0.0010632348575334374,0.0,0.0061017647923289325,0.002539730758950452,0.0011717282103429671,0.0015588522192315358,0.0015844961026228802,0.019870557567066127,0.003074307097339251,0.014408903556313472,0.0011677829975135325,0.0016579756915711535,0.001717153884012711,0.005256502943621923,0.0089082905688701,0.0071610544370329255,0.005666311926279751,0.0034224721295371195,0.007860343411050736,0.0025131005723517488,0.021432861847523448,0.0013561669101191712,0.04192429728362239,0.013014763972710956,0.007494918072724077,0.0018429075429510424,0.012174926791644414,0.006454368188959919,0.06075923648296115,0.029712384121701893,0.004250473672115338,0.0018448801493657597,0.002528388272065823,0.001084440376491663,0.003856445540775258,Control
0.027161824295197843,0.0028116647986895426,0.010798344684886647,0.0011229416328993856,0.041446460901801846,0.012839468919734478,0.0034625829812914926,0.009561169066298824,0.0020195706526424735,0.03268492973532199,0.07103198551599273,0.17695167686869545,0.04321385464264162,0.02113759806879902,0.009768083455470302,0.008412363134753,0.01625247866195367,0.0011854470212949357,0.003374213294249504,0.018433701181136325,0.0020184929735322,0.0021478144667643733,0.02225838434347793,0.0015033623588240328,0.0034712044141736393,0.0017544615915165067,0.001198379170618155,0.002648935253039058,0.0,0.002893568411069922,0.0021726010863005385,0.0011962238123976187,0.004697603241658759,0.001479653418398141,0.002855849642210537,0.03496206569531861,0.0016854901284593469,0.0,0.0012662729545650521,0.0038785671178549887,0.0030153461505302227,0.007711871713078718,0.005731097508405894,0.00169626691956203,0.0010916889387016107,0.001785714285714282,0.001157427364427971,0.0030853952926976455,0.002779334425381494,0.0,0.0018374428830071595,0.004243900336235879,0.0018913268385205633,0.00671609621519097,0.0026101388050693997,0.009868307612725238,0.0027588585222864024,0.001929045607379948,0.0012490300888007594,0.0023094663333045953,0.004017587723079581,0.003980946633330459,0.0,0.0018266660919044764,0.0024743512371756165,0.0012145443572721742,0.0012220881110440573,0.0056836796275540995,0.001785714285714282,0.0010863005431502747,0.0,0.006035003017501508,0.002543322700232776,0.001194068454177082,0.0015475472023450275,0.0015874213294249488,0.020054530562979574,0.00306707474782309,0.014668290369859447,0.0011595827226485074,0.0016488490387102357,0.0016973445986723033,0.005205190102595054,0.008945814294335722,0.007194585740150015,0.0058205448745581555,0.003429174928873181,0.007865979825847058,0.0024883610656091094,0.021390852659712037,0.00130830243986551,0.04171803603758944,0.013097034227088527,0.007475859987929991,0.001828821450125013,0.012217648073109775,0.006399258556772136,0.06078756789378399,0.029490688852487255,0.004329036985947068,0.001793258039486165,0.0026069057677386,0.001134796103112342,0.0037503233037330785,Control
0.027489918169094154,0.0027485601623884323,0.010791363024689579,0.0010974816196109276,0.04152732319161032,0.013013304671473101,0.0035687037522648332,0.009622658409115678,0.0020406467479687977,0.03307444853437107,0.07054421922869815,0.17755461239042727,0.04368991234175818,0.021147834119484104,0.00986546407717119,0.008221939488510976,0.01628524594055902,0.0012183448854874474,0.003399279352777209,0.018375532958441382,0.0020719417007403966,0.002166905695357668,0.022325171825477715,0.0014719419165676526,0.003438128259666097,0.001776258353863901,0.0012107909313701687,0.0026622292581909134,0.0,0.002902876653641489,0.0022240999193885156,0.0012097117950677046,0.004608991147844913,0.0014309347370738367,0.0028575529289377967,0.034484879681697944,0.0017471216736972403,0.0,0.001212949203975107,0.0038697827806536806,0.003099279460690837,0.007790284967523393,0.005738846856529905,0.0016780569503392275,0.0,0.0017471216736972403,0.001264747746493614,0.002975178785906915,0.00266654580340079,0.0,0.0018809345752033894,0.004234530850888188,0.0018690640758762347,0.006666904076653207,0.0025812940355057455,0.009666902997516907,0.0028413658844007655,0.0019866899328453524,0.0011870499327158483,0.0023643876387094793,0.004096401404172162,0.00415359562820301,0.001055395303814637,0.0017449634010923021,0.002482013495678597,0.0012442441567467061,0.0011482010258269707,0.005812228125097793,0.0017730209449564988,0.0,0.0,0.00617913446793724,0.0025532364916415486,0.0012118700676726328,0.0015658267748824603,0.0015464023214380165,0.019843158329799174,0.003057193144894557,0.014507908450392643,0.0011773377059936313,0.0016187044537034313,0.0016381289071478752,0.005034170851017682,0.008650356600591156,0.007150357140159307,0.00563524977149289,0.0034446030774809115,0.007543162754258003,0.002515466721055135,0.021416539058798898,0.0013370498787590396,0.04226329414989419,0.01306834062289904,0.007551795844677756,0.0018237403511725315,0.012203952444621424,0.0064607890428816424,0.060770481737236835,0.029769054039908587,0.004230214305678312,0.0018517978950367286,0.0026276968965119126,0.0011428053443146196,0.00391186909644997,Control
0.02751324062316102,0.0027850218354136327,0.010739926286121368,0.0011323442871744075,0.04121039427633416,0.012858425991885225,0.0034441106327624082,0.009477498683680734,0.002036733050453739,0.03322947316257312,0.0707306346207452,0.17742373091337102,0.04339207730665589,0.0207055471242296,0.009535726453371324,0.008300554402700774,0.01634094217486913,0.0011496887292098982,0.0034812772942670435,0.01830829745718091,0.0020862885991265786,0.002134605259082597,0.02216248025521106,0.0014804720166011075,0.003540743952674445,0.0017901941958063617,0.001183138724564069,0.0026152940812091577,0.0,0.002846966271254688,0.0023154830117384654,0.0012227831635023363,0.00457273825378635,0.001484188682751572,0.002877938489175205,0.03491807848360016,0.0017393997584167003,0.0,0.0011769442809799612,0.0038467494657292347,0.003102177346919816,0.007906587790751696,0.00567287143432341,0.001731966426115771,0.0010654442964660663,0.0017703719763372278,0.00126738315730789,0.003025366246476914,0.0027020162913866225,0.001060488741598791,0.0018893052931520415,0.0041205438721466855,0.0019165608449221042,0.006665221296497038,0.0026115774150586935,0.00968067643323938,0.0027627218385108563,0.0019041719577538995,0.0013256109269984807,0.0022770774615170192,0.003975593892278621,0.004043732771703783,0.0011273887323071212,0.0018397497444792017,0.0024864496546597725,0.0011682720599622105,0.0011571220615108275,0.005805432527023259,0.0017579830891690127,0.0,0.0,0.006080465822157521,0.00257564964227088,0.0011781831696967826,0.0016440053272214854,0.001570910892929047,0.019597980611391563,0.0030588162418310736,0.014424381329947016,0.001185616501997712,0.0016229442190355298,0.0015758664477963224,0.00529996593056029,0.008726732121287196,0.007179360113977759,0.005768265865518625,0.0034193328584259885,0.007702171152476229,0.0025285718710316833,0.021349769256976483,0.0013578220336358296,0.042041688605320954,0.013116114844984036,0.007525010065970826,0.0017245330938148525,0.012100226097190811,0.0064285935515842225,0.06063369157865391,0.029517762566977444,0.0042592994084306324,0.0017976275281072907,0.0026066218601914076,0.0011410165081921476,0.003651005048471518,Control
0.02733018344047357,0.0028259621448134945,0.01046382486093724,0.00106826545690702,0.04170941297166035,0.012798008414355178,0.0036495148098299175,0.009534386853275852,0.001971820380810751,0.03346212128342447,0.07042787090459021,0.17644733498357631,0.043398872438751214,0.021160597475693432,0.009614389112163158,0.008433179289768179,0.01592750854141759,0.0012047398985383085,0.0032847986296083683,0.01828757517859324,0.0020000564721827413,0.0021788850508720255,0.02235121932854578,0.0014094515609852512,0.003505981345355637,0.0017482846574491517,0.0011882688452379826,0.0026471335661242216,0.0,0.0028541982361854953,0.002348301599103975,0.0011341496701083335,0.004407183261645038,0.0013670974239272662,0.0027224298097828685,0.03447862057281617,0.0017271075889201538,0.0,0.00118120982239498,0.004068350165181137,0.0030589098986324274,0.007713158959782394,0.005837811891159275,0.0016000451777461993,0.0010823835025930149,0.0017506376650634824,0.001185915837623652,0.0031200880966050794,0.0026988997336395396,0.0,0.0019271132361384355,0.004136587385996781,0.0019741733884250817,0.0066660705714043705,0.0026236034899808935,0.009501444746675199,0.002677722665110542,0.0018729940610087757,0.0012753301269682938,0.0023224185153463157,0.004021290012894481,0.004098939264167458,0.001080030494978684,0.0018235809011077986,0.002520071154950256,0.0012588590736679573,0.0012800361421969552,0.005689572411456323,0.001731813604148826,0.0011012075635076714,0.0011200316244223383,0.006066053629749548,0.0024965410788069273,0.0011294436548796615,0.0015671030711455372,0.00160239818536053,0.019640554556834576,0.0030589098986324274,0.014129810724067474,0.0011059135787363436,0.00174357864222049,0.001729460596534485,0.005094261485030161,0.008903780812634706,0.007353148794789494,0.005986051370862229,0.0033247997590520224,0.00787081046994268,0.002524777170178918,0.021304130940167757,0.0012941541878829501,0.042231780662042175,0.012750948262068561,0.007470799175506127,0.001903583159995107,0.012275640723973354,0.00652253710693008,0.06061112313759449,0.029570246689318302,0.004336593033215052,0.0018141688706504653,0.0025788963453085775,0.0011576797462516618,0.003781283236232555,Control
0.027467662109806248,0.0027900588733064968,0.010641666398215456,0.0011369234552730217,0.04151931316309077,0.013003512912763358,0.003501127102070902,0.009429314710940948,0.0020648478510418124,0.03322927903967284,0.07088525244493546,0.17676291885257955,0.043517375600381256,0.021095547927177175,0.00972159910994686,0.008276677040667608,0.016239855492078823,0.001143994852023167,0.0033408421090676556,0.01832984608712114,0.0020593478757917065,0.0021002048347925273,0.02191897279319383,0.0014307792757789729,0.0033966275723187863,0.0018008490390364702,0.0011950660507742004,0.0027342734100553666,0.0,0.0029244154115592213,0.0022597041170457537,0.0012272801915248475,0.0046364791358438845,0.0014480649122793207,0.0029668437920600814,0.034924842838207175,0.0017269922285349725,0.0,0.0011817089680239302,0.003959196469330176,0.0030218435445611923,0.007839821863658758,0.005774188301866926,0.0016767067405339478,0.0,0.0017442778650353203,0.0011856375217740073,0.0029747008995602356,0.0028089159313068835,0.0,0.0018841343785381507,0.004138338520333799,0.0019116342547887113,0.0067861837478874155,0.0025959883180525643,0.00984888425144944,0.002788487451806468,0.001966634007289822,0.0012563514892754367,0.0023194181340469716,0.003949767940329982,0.003985124924080698,0.0010614952232714954,0.0018833486677881414,0.0024922744990504685,0.001177780414273853,0.001201351736774326,0.005943116113120346,0.0018189203862868375,0.0010583523802714274,0.0,0.006170972230624963,0.0025276314828011834,0.0012107802657745194,0.0015871357150321422,0.0015871357150321422,0.019863553471152207,0.003033629205811434,0.014375363882291062,0.0011895660755240844,0.0016971352200343636,0.001692420955534267,0.005239904991856106,0.008827460276428757,0.007167253461645136,0.005619403284113795,0.0034406273743196746,0.0077824649789075976,0.002496988763550566,0.02127861853193094,0.0013655652835276495,0.04183438317384719,0.013144940847766157,0.007410038083400054,0.0018385631550372334,0.01231208745274935,0.006574827556133136,0.06047537071797458,0.02972893764835198,0.0041878382975848024,0.0017466349972853684,0.002514274400050913,0.0011518519595233212,0.003843696989077838,Control
0.027613919790965554,0.0025733401955738526,0.01084761867057284,0.0,0.043469654380616785,0.012807316204125297,0.0031078031592699676,0.00902648560908983,0.0023555960251791454,0.032127162595510544,0.07169721683360389,0.17698642068173703,0.04434063106219566,0.02167544241656443,0.009798487667761988,0.008115919078348308,0.016984045290787432,0.0,0.0035630864246407176,0.017676867651134298,0.0023358011005978094,0.0022566214022724553,0.021477493170751066,0.0019003127598083856,0.003582881349222064,0.0015044142681816329,0.0011679005502988997,0.002296211251435127,0.0012866700977869263,0.002989033611781941,0.002276416326853791,0.0,0.0045132428045449105,0.0015637990419256518,0.002395185874341818,0.03594758303970857,0.001642978740250996,0.0011283107011362276,0.0013262599469495986,0.0038006255196167712,0.0030682133101072847,0.00775961043588424,0.005898887525238527,0.0018013381369016946,0.0,0.0016825685894136784,0.0011085157765548916,0.0026327249693178715,0.002494160497248508,0.0013658497961122808,0.0019003127598083856,0.004117344312918168,0.002118056930203092,0.005819707826913182,0.00253375034641118,0.009996436913575359,0.0027514945168058873,0.002019082307296412,0.0012866700977869263,0.0023555960251791454,0.0037412407458727627,0.004137139237499504,0.0011085157765548916,0.0019003127598083856,0.002217031553109783,0.0012866700977869263,0.001484619343600297,0.005522783958193122,0.001484619343600297,0.0,0.0,0.006987608377212081,0.0026327249693178715,0.0010887208519735556,0.001464824419018961,0.001247080248624254,0.019973078902569406,0.0036224711983847357,0.014311730472306857,0.0011481056257175634,0.0019399026089710577,0.001425234569856289,0.004948731145334334,0.008749356664951104,0.006987608377212081,0.005799912902331847,0.003147393008432639,0.008036739380022967,0.002177441703947111,0.021635852567401716,0.001425234569856289,0.0404014410705095,0.012490597410823902,0.007838790134209584,0.0015044142681816329,0.011639415653826387,0.006195811393958588,0.06251237182786336,0.02937566807870465,0.004077754463755496,0.0018211330614830309,0.0029098539134565856,0.0013064650223682623,0.0034245219525713654,Control
0.02711929899792891,0.002770833676938702,0.010824158088313239,0.001109747161426981,0.041296260081381465,0.012899927194931488,0.003546007384177502,0.009448165854187241,0.0020192214805582155,0.033641125203512555,0.07132776182139904,0.1764474425158035,0.043258933935879734,0.020906128584589397,0.009990080603928649,0.008152282756979505,0.016205607168354095,0.0012016370537744376,0.0033952137146842447,0.018828003326885383,0.001995659969699902,0.002080481408789857,0.021730781464630648,0.0014890874862459698,0.0034871036070317015,0.0017553325589450078,0.0011851439961736148,0.0025964784965871205,0.0,0.002832093605170343,0.002393849503205543,0.0012464039244052456,0.004552083897827864,0.001423115255842668,0.002846230511685336,0.035182048013646806,0.0017034972350566983,0.0,0.0011521578809719584,0.003821677061219872,0.0028061759432261887,0.007822421604962996,0.00568539257011317,0.0016846480263700452,0.0,0.0017364833502583547,0.0012063493559460986,0.0031595986061010227,0.002751984468252038,0.0,0.0018731401132366192,0.004219866594725524,0.0019155508327816072,0.006564236925128588,0.002544643172698811,0.009999505208271984,0.002728422957393724,0.0019626738544982454,0.0012935269461218945,0.002363219539089728,0.004021949903515619,0.00397247073071314,0.0010744048951394946,0.0017576887100308378,0.002422123316235528,0.001175719391830283,0.0012016370537744376,0.005673611814684008,0.0018401539980349732,0.0010508433842811701,0.0,0.006027034477558841,0.002579985438986287,0.00115922633422946,0.0016610865155117205,0.0015809773785934263,0.0197586830057891,0.0031171878865560343,0.014516246839812402,0.0012369793200619243,0.0018095240339191473,0.0016775795731125438,0.005369668324611653,0.008910963406617494,0.007362972143225713,0.005701885627713992,0.0034281998298858907,0.007940229159254608,0.002436260222750521,0.021132319088829257,0.0014184029536709968,0.042040803824504425,0.013208582987175513,0.007266369948706596,0.0018731401132366192,0.011978672120371051,0.006469990881695302,0.06039757693422332,0.029897201128125144,0.0044177832859354305,0.001729414897000853,0.0026059031009304416,0.0011285963701136343,0.0037910470971040566,Control
0.02724144680830996,0.002818243350006954,0.01079422578492208,0.0010989969883709143,0.04169113467901502,0.012810625838692706,0.003535185591347638,0.009695228796551136,0.0019456491746909991,0.03285434988196399,0.07097964025536356,0.1770540748968803,0.04344575648019092,0.020906884768043275,0.01003719137876955,0.008412279522573072,0.01601092393572993,0.0011650311421786083,0.003495093426535825,0.018612197923225823,0.0020800758449423746,0.0021979939767418286,0.02214974187720945,0.0014362428453173562,0.0036177282836072533,0.001728679812179999,0.001065979911467062,0.0026272159764918444,0.0,0.0028772024159066864,0.002346570822809137,0.001226348570714328,0.004789834513693834,0.0015211439002129578,0.0029597451081663016,0.03481179086983494,0.0017711303396278,0.0,0.001212198394898394,0.0038747898109300675,0.003011629086158061,0.0075231768088051855,0.0059407154800565085,0.001634345306740438,0.0,0.0017664136143558256,0.001287665999250037,0.003080021602601743,0.002702683580843498,0.0,0.001863106482431374,0.0040162915690894144,0.0019008402846072009,0.006589265204953501,0.002575331998500084,0.009850880730526415,0.0026908917676635507,0.0019197071856951195,0.0011838980432665163,0.002308837020633311,0.004082325722897109,0.004202602217332549,0.0011013553510069013,0.0018725399329753334,0.0024220384271607903,0.0012664407355261417,0.0011886147685385012,0.005888831502064749,0.0018442395813434661,0.0,0.0,0.006060991974491949,0.0024385469656127115,0.0011390891531827283,0.0015069937243970244,0.0016154784056525194,0.01995646462573968,0.0030918134157816887,0.014678449046396118,0.0012004065817184475,0.0016956627352761574,0.0017734887022637976,0.00516717253545209,0.008874518599226928,0.006976036677255716,0.005459609502314732,0.003523393778167692,0.0077590130724040935,0.0024031715260728827,0.02126299752607759,0.0012994578124299835,0.04222412463474859,0.013147871695639106,0.007393466863825786,0.0018182975923475859,0.011971048740280594,0.006780292578468621,0.06087877308542231,0.029500758213587497,0.004379479415031737,0.0018536730318874253,0.0025776903611360712,0.0011697478674505826,0.0038087556571223735,Control
0.027706336800787094,0.00280492534903426,0.010642069885089596,0.0011103176307453153,0.041286503564835375,0.012970907014643838,0.003515728390006141,0.009396916080295773,0.002109104105178879,0.03292166684145434,0.07079731459609913,0.17687509675743962,0.043475510587968925,0.021112681425401434,0.009899638605760675,0.008371495299877315,0.01622695092129725,0.0012068669899405555,0.0034441486926717357,0.018344378247096487,0.0020591647814572006,0.00212408590229538,0.022001601387647375,0.001504838288146572,0.003340940756980269,0.0018061388746006958,0.001125299427861816,0.0026218144953881026,0.0,0.002928109014214394,0.0022689099410882403,0.0012384952282976159,0.004606070291262778,0.0014732100497895008,0.0027999314166620936,0.035128984949952494,0.0017095895154054454,0.0,0.0012468184489179013,0.0038736268766781713,0.002954743320199288,0.007690655853138437,0.005797955484086834,0.0016529916151875506,0.0,0.001682955209420552,0.0011619215985910435,0.0030962380707440507,0.0027949374842899267,0.0,0.0018610721306945425,0.004025109491967257,0.0019642800663860083,0.0066036432401299075,0.002566881239294257,0.009693222734377732,0.002766638534180974,0.0019975729488671285,0.0012751173990268538,0.002380441097399992,0.004038426644959708,0.004090030612805447,0.0011053236983731484,0.0018910357249275432,0.0024420329299900644,0.0011003297660009711,0.001220184142933008,0.0055599113743468416,0.001794486365732303,0.0010820186806363627,0.0011019944101250303,0.006159183259006972,0.0025935155452791498,0.0011702448192113283,0.001489856491030061,0.0015464543912479662,0.01968108747871332,0.0030879148501237654,0.014191091157576847,0.0012068669899405555,0.0015980583590937045,0.001564765476612585,0.005263604720264884,0.008817619925124311,0.007131335427455641,0.005688088971899141,0.003415849742562783,0.007807180941822355,0.0025102833390763515,0.021503872794554596,0.0014249353701918813,0.04178090286968,0.01308243817095561,0.007580789340950745,0.001859407486570483,0.01195048016659761,0.006477130286701656,0.06062966828636545,0.029858721653191426,0.00411832956291439,0.001794486365732303,0.002566881239294257,0.0011669155309632102,0.003813699688212158,Control
0.02747581128685297,0.0028062929923128588,0.010579628803101645,0.0010995304966468114,0.041434485030869245,0.012827536534486792,0.0034413005875017473,0.009550973965646373,0.0020620985708019075,0.032748385663195045,0.07043795410705288,0.17694395650916303,0.04365174382854991,0.020959081757946203,0.00966494968785976,0.008231154257998887,0.01606770349455311,0.001226915127355901,0.003409693874619046,0.01838457132677323,0.0020046318201060826,0.0020850852710802372,0.022248252531889296,0.0014491198967130946,0.003525585155188961,0.0017623136880053427,0.0011914772977601417,0.002627188285977542,0.0,0.0028752530931478587,0.0021779898513718215,0.001194350635294925,0.004714189115414309,0.0014481621175348298,0.0029221842728827836,0.034664901798900895,0.0017172980666269474,0.0,0.0012326618024254786,0.003906781268137946,0.002985397698648186,0.007808773640384567,0.005638446022438851,0.001721129183340006,0.0010621771086945224,0.0017431581044400715,0.001211590660503678,0.0030505266827701278,0.0027574462542214154,0.0,0.0019002338896753333,0.004119408245712502,0.0018580916058317215,0.006634536367833178,0.0026635838947515556,0.009933127857773623,0.002733501774764821,0.001880120526931797,0.0012393662566733308,0.002270894431663417,0.003959459122942447,0.00401022141939043,0.0010985727174685467,0.0018523449307621437,0.0024145613084029845,0.00121637955639499,0.001236492919138537,0.005726561706839112,0.0016770713411398757,0.0010842060297945983,0.0011292216511729937,0.006219817983644963,0.0025247059139033115,0.0011148549634990347,0.0015611800605699504,0.0015611800605699504,0.019826028990060175,0.003045737786878805,0.014501734538091867,0.0011464616763817359,0.0016876069121007755,0.0016713246660702875,0.005232347650855008,0.008809652881670207,0.007292530663300386,0.005749548407117443,0.003402989420371194,0.007634457829940552,0.00244712580046395,0.02147245139749558,0.0013552575372432455,0.04174672104298316,0.012876383272578198,0.0075520888206098685,0.001905022785566646,0.012120695500928048,0.006557914033572072,0.06088602236222826,0.02931091619240637,0.004178790554764856,0.0017948781800663192,0.0025419459391120636,0.0011378416637773648,0.0037659877289331714,Control
0.027609362239137673,0.0027673375385046106,0.010739436248182488,0.0010804856276418636,0.04152202157735426,0.012899704062302432,0.0034806268786275575,0.009522483034757735,0.0020864064919178145,0.033049776200193705,0.07083511831528656,0.17723551843262011,0.043552856217329516,0.021034297680824866,0.009674426326144873,0.008273874968960655,0.01617844332691091,0.0011578641556630896,0.003343455851680842,0.018382324493188218,0.002003400434585951,0.002203177725113479,0.022139403749200693,0.001425171797918232,0.0034806268786275575,0.0017586029095733467,0.0012148428899332656,0.002668152334404672,0.0,0.0029080257712704757,0.0023129145466708554,0.0011881121257077526,0.0046103533877374725,0.001470192032403318,0.0028278334785939363,0.03488857140244367,0.0017382031158222964,0.0,0.0011895190080354035,0.003887919312484749,0.0029804802111449012,0.007751921625399288,0.005749928073140999,0.0016474592056883084,0.0,0.0017600097919009982,0.0012197669780800665,0.003111320267617153,0.0027631168915216355,0.0,0.0018352779964307367,0.004259336246986631,0.0018873326425541115,0.006653146527497873,0.002565449924485595,0.009825666176368179,0.0027188000982003853,0.0020301311988114644,0.0012021809489843399,0.002291811311755979,0.0039491186937379,0.004025090339431465,0.0011177680093248147,0.0018598984371647623,0.002431796103358019,0.0011754501847588267,0.0011845949198886028,0.005726011073570799,0.0018099541145328855,0.0010657133632014503,0.0,0.006215606123596017,0.0025985116591855707,0.001157160714499264,0.0015236535608543446,0.0016347972647393829,0.019714642057481045,0.0029931421520938265,0.014372709859361031,0.0011684157731205276,0.0015975148830564211,0.0017227274102180469,0.005230788494234953,0.008719153225664626,0.007161734488946479,0.005734452367536749,0.00340184146827867,0.00788979609350984,0.0024915886022835077,0.021628002023096823,0.0013147315351970297,0.04194971380496254,0.013070640265112959,0.007534558305776023,0.0018472364962158366,0.012140691046530488,0.00634996338588742,0.06074003417317176,0.029612762673723605,0.0043022461579802305,0.0017846302326350236,0.0025647464833217586,0.0011691192142843534,0.0037233140801486847,Control
0.02759888569200117,0.002833594374727913,0.010775254260413626,0.0010985540862062564,0.04137089985083011,0.012938604048614856,0.0034707838767143867,0.009580348119271186,0.0020367558474092945,0.03286449032927792,0.07083071647247391,0.1773201328673735,0.043455480075872,0.02094778070272295,0.009725931151182005,0.00826799093306064,0.016028199503611097,0.0011738071510103976,0.0033392668382249027,0.018275945252340425,0.00205715153787023,0.0021492837947799694,0.02225451149156497,0.001456533618779227,0.003441245290529578,0.0018285791447735327,0.0011780269490367973,0.0026711321507114946,0.0,0.0028258580783461764,0.0022238335599130475,0.001202642437524132,0.004659360320817183,0.001464269915160963,0.0029742543089412593,0.03488155378589736,0.001699172005297249,0.0,0.0012110820335769312,0.003924412164552434,0.0030051994944681935,0.00768917530377271,0.005838793869196106,0.0017097215003632586,0.0,0.0018187329493785968,0.0011857632454185334,0.0029707378105859224,0.002749198414199899,0.0,0.001873590323721803,0.004141028463240995,0.0019411070921442183,0.006679940275791931,0.002607131880644416,0.009870810883421751,0.0028153085832801775,0.0019319641964203453,0.0012778955023282732,0.0022941635270197157,0.004043269808962707,0.004110786577385123,0.001080268294758521,0.001901019010893411,0.0024742082428128058,0.0011421586658123897,0.0012202249293008043,0.005789562892221436,0.0017301171908241937,0.0010669056010082487,0.0,0.006046970571831868,0.002635263867487087,0.0011435652651545266,0.0016239189404931077,0.0015655450677945757,0.019847116717503516,0.0030087159928235303,0.01440217066410483,0.0011864665450895967,0.0016654136210860516,0.0016682268197703146,0.005193164771156844,0.008782102992610431,0.007168030247512259,0.005720639524456895,0.003406783606647307,0.0077707580656164515,0.0025607141023540197,0.021274111750097933,0.0013271264793029427,0.0421832109709122,0.013188275431843623,0.00741488843205668,0.0018693705256954032,0.012095347743005863,0.006513961553420187,0.06051260699825372,0.029507640999276337,0.004329512775086873,0.0018925794148406117,0.002625417672092151,0.0010887078908113205,0.00378656542902335,Control
0.02733224710705924,0.0028089623085761624,0.0107209905379018,0.0010838717373969462,0.04159132149158338,0.01304805766417395,0.0033897480331769934,0.009542152486076842,0.001991153220692295,0.03308516516290256,0.0704320417914571,0.17701721009374183,0.04370883484965495,0.021088015722026503,0.00989376330313248,0.008182015106707607,0.016063434358655634,0.0011639259859230063,0.0033716965849799395,0.018428958918043314,0.001976241154790385,0.0021661737836463258,0.02213264518073422,0.0014551036937972051,0.0034423326866205783,0.0017321541813432823,0.0011780532062511384,0.002553102651522283,0.0,0.0028772438734954568,0.0022116948269258548,0.0011874713531365598,0.004531698343034025,0.0014951308180602351,0.0028646863443148917,0.03483694048359046,0.0018412477160993845,0.0,0.0011811925885462822,0.003817488870889769,0.002940031519398241,0.007734653129650209,0.00585102375256645,0.0016764301456045536,0.0,0.001741572328228693,0.0012447650800228554,0.0029847677171039814,0.002819950146609151,0.0010744535905115355,0.0019087444354448796,0.004169884533519187,0.0019526957875768316,0.00658720890077668,0.002642575046933765,0.00984353318641025,0.0028121016908713064,0.0019731017724952415,0.0012298530141209452,0.002237594730860753,0.004006636654171922,0.004117299880075601,0.0011348866996929645,0.0018381083338042405,0.0024557818003729578,0.001211801565923891,0.0011859016619889826,0.005677572880759987,0.0017933721360985,0.0010752384360853133,0.0,0.006094325880439764,0.002586066165621258,0.0011529381478900182,0.0015673366108484514,0.0015696911475698066,0.019925659427251125,0.003009097929891313,0.01444586763108486,0.0012000288823171142,0.0015641972285533076,0.0016677968442929208,0.0052239321391123125,0.008949594077869244,0.0072237186611162395,0.005772539195187956,0.0034297751574400236,0.007806074076864638,0.0024918846967670657,0.02130934217383386,0.0013766191364187222,0.0417773298925703,0.013135960368437876,0.007416005826693548,0.0018514507085585843,0.012128218651698087,0.0064420124696264805,0.06046921207783159,0.02957219637464137,0.0043464747876207944,0.0018051448197052766,0.0025538874970960717,0.0010972141121512898,0.0036926984246579684,Control
0.027594742577321026,0.002775348768380131,0.010611706778954122,0.0011421575881506152,0.04149435647693489,0.013010372243821745,0.0036592092341221293,0.00947358508334118,0.0020852111444445947,0.03318579903945759,0.07101287449719504,0.17678689142103762,0.04319346723527904,0.021005475360876033,0.009671343817685286,0.008389275288229995,0.01611800949780039,0.0011811712160144261,0.0032139157574697635,0.018257032542746826,0.002030053946430256,0.00215113072255929,0.02228619859281881,0.0014273606608101366,0.0034130197893264087,0.001738124386208011,0.001218839546365676,0.00260315068677438,0.0,0.002815707693756472,0.002268171606150702,0.0012430549015914891,0.004707195996394606,0.0014502307185233984,0.0030524800559643783,0.034586253750016775,0.0017731021215341798,0.0,0.0011461934806882576,0.0038811833236920366,0.0030793860062152717,0.007861918663312397,0.005854734774595403,0.0017031466508818428,0.0,0.0017879003941721674,0.0012282566289534907,0.003088803088803087,0.0026690702648890846,0.0,0.001913013062838844,0.0043480015605451144,0.0018861071125879497,0.006778954165713754,0.002683868537527072,0.009808564163964858,0.0028964255445091654,0.0019345378230395652,0.0012686155543298425,0.0023260193991901327,0.0039013627863802077,0.004142171041125746,0.0011139063403871805,0.001801353369297625,0.0025345405136345937,0.001158301158301154,0.001220184843878227,0.00590451078255956,0.001727362006107656,0.0010991080677491825,0.0,0.006086125946753125,0.002530504621096951,0.001195969488652414,0.0015107691065879205,0.0015242220817133678,0.01979201700456059,0.0029919416678998558,0.01437450392154227,0.0011852071085520586,0.0017044919483943835,0.0016748954031183974,0.005184776613348038,0.008866855905183428,0.007216175857290845,0.005838591204444865,0.003324230153498442,0.00777178372997189,0.002467275638007348,0.021250319508159265,0.0013520240001076269,0.041659828070977935,0.013256561688617424,0.007536356665276525,0.0018497840797492408,0.012189740761169309,0.006297337656222678,0.06078457750931616,0.029700133184453796,0.004353382750595297,0.0018040439643227059,0.002626020744487642,0.0010574038448602906,0.003668626316709944,Control
0.027392829324968476,0.0028591611805101123,0.010893670797781823,0.0010743224622294643,0.04181924986169207,0.012926061859364261,0.003431540493613904,0.00952802983210891,0.002085731069255158,0.032964808588014774,0.07035957319787707,0.17707788393351112,0.04370803321030941,0.020983822249211297,0.009811142180525834,0.008258127341746004,0.01627827618772131,0.001193995556367053,0.0033884581797243656,0.01840367033960493,0.0020556418341577116,0.002197881854618388,0.022001385472507008,0.0015003586773592852,0.003412392798551881,0.0018292887246746045,0.0012131432514290656,0.002599299604668484,0.0,0.002922075035713872,0.00229430417618068,0.0012090401739157817,0.004626219896233166,0.0014244517433634433,0.0028618965655189685,0.03466416652476854,0.0017814194870195731,0.0,0.0012179301751945688,0.003925961333965207,0.003026019666050524,0.0077083149549652995,0.0057101162059936365,0.0016740556254218467,0.0,0.0017937287195594355,0.001224768637716719,0.0029843050446654133,0.002811291942855071,0.0,0.0018450171884755527,0.0041345344408907185,0.0019428072025422622,0.006619631721439326,0.002566474984562171,0.009744809094060999,0.002831123484169303,0.0019291302774979723,0.0012555417190663848,0.002311400332486045,0.004006655191726552,0.004064098276912599,0.0010791093859949673,0.001808773337108164,0.0025117672843849893,0.0011734801688006123,0.0012063047889069151,0.005798332372529351,0.001756117175687619,0.0010544909209152325,0.0,0.0061060631860260116,0.0026184472997304964,0.0011639063212696063,0.0015687433025807673,0.0016049871539481554,0.019917705942008444,0.003004820432231865,0.014388808992851748,0.0011591193975040927,0.0016501210065943308,0.0016685848554041241,0.005193128439319245,0.008863331274956109,0.007108581791772916,0.005662246968338606,0.003435643571127188,0.007830039587859534,0.0024775749717742485,0.021519273864695494,0.0013280294218011512,0.04188900217941801,0.013114803424975612,0.007579068013296704,0.0018272371859179677,0.012076040967861317,0.0065656078675143635,0.06069477411532522,0.029634477339728633,0.00425967830504603,0.0018696356535552769,0.0025657911383099516,0.0011550163199908086,0.003752264385902646,Control
0.02740973869101713,0.0028812695316828814,0.010831357077949397,0.0011458587291385048,0.041018196325273155,0.013067665506771029,0.003574990580464988,0.009470511314523818,0.001965912365079009,0.03305259425075904,0.07023870209889402,0.1763713734790223,0.04330769742237195,0.021008887608324617,0.010004654358474257,0.00827145991710809,0.01603537312440431,0.0011502914514949334,0.0033865998803164913,0.018457855892196156,0.0020545668122077193,0.0022119284558611667,0.021731421352423595,0.0015004765176533155,0.003590505108712513,0.0017575744143265592,0.0011901859527028498,0.002730556971564082,0.0,0.002916731310534359,0.002302799264168086,0.0011835368691682023,0.004561271304771826,0.0014229038764157018,0.0030430638976927673,0.035286686318402455,0.0016844344954453738,0.0,0.0012079168421285941,0.003814357587712498,0.003023116647088814,0.007801591347325957,0.005855626232850902,0.0017996852767126952,0.0011347769232474083,0.0016667036060196397,0.001139209645603847,0.003082958398900684,0.0026219552738314185,0.0,0.0018750415567720896,0.004414991467009466,0.0019215851415146643,0.0067155743699993335,0.002531084465524499,0.009986923469048514,0.0027903987233759624,0.001945965114475056,0.0012367295374454245,0.0023936700724750057,0.003971719231365945,0.004086970012633256,0.0011037478667523693,0.0018728251955938701,0.002433564573682932,0.0011680223409206774,0.0011857532303464215,0.005707130033910322,0.0016733526895542875,0.0,0.0011214787561781027,0.005842328065781596,0.0025687626055541962,0.001223431370376119,0.0015182074070790598,0.0015846982424255875,0.0196945854296416,0.0032824309049402666,0.014242336931226335,0.0012079168421285941,0.0016312418271681515,0.0016556218001285536,0.005228396019415322,0.008723597597464479,0.007227553802167601,0.00574259181276181,0.003362219907356099,0.007659744231920036,0.0024379972960393605,0.021525299762849306,0.001323167623395905,0.041831600877679016,0.013240541678671927,0.0074225935858507446,0.0017088144684057759,0.012130144728384985,0.006369822026197389,0.060670670892528686,0.030098184800195087,0.004262062545712448,0.001888339723841395,0.0024645936301779716,0.0011525078126731526,0.003973935592544164,Control
0.027148613360273376,0.002817717166438373,0.010884743218255796,0.0011134393292068954,0.04133040188668887,0.012956838830905374,0.0034451710186222334,0.009626506846237193,0.002082081615602127,0.03288224338884994,0.0705211528507542,0.17596502236032455,0.04390013331313938,0.021008885878293915,0.009694744533079475,0.008156900078390128,0.016150695441888942,0.0011600406763186987,0.003328667650842735,0.018507392138685658,0.0022019136510324747,0.0023001093467323345,0.022347010273932672,0.0014729354354979058,0.003518401706940777,0.001765858188772071,0.0011583763424932744,0.0025564167558472226,0.0,0.0029442065371703976,0.002235200327540903,0.00123992869993892,0.004658470377354413,0.001398040413353948,0.00278609482375537,0.03501425501921476,0.0017508791843432816,0.0,0.0012832013793998742,0.003974429175106224,0.0029808218813296753,0.007705865611700934,0.005512273629795571,0.0016227254797858326,0.0011217609983340073,0.0018157882035347134,0.0012132993587321795,0.0030523882358227945,0.0028060668296604223,0.001053523311491727,0.0018640538844719309,0.004182470903283893,0.001923969902187099,0.006537503266255134,0.0026179971073878156,0.009937737271590988,0.002731171807516465,0.0018923475595040958,0.0012066420234304919,0.0022784730070018575,0.004039338194297666,0.004032680858995978,0.0010668379820951022,0.0017791728593754463,0.0024565567263219383,0.001191663019001702,0.0012099706910813303,0.005542231638653161,0.001807466534407601,0.0,0.0,0.0059133780817221225,0.0025397734175930083,0.001194991686652541,0.0016077464753570427,0.0016310471489129447,0.01982055152694305,0.003005786888710991,0.01458788597981829,0.0012066420234304919,0.0017009491695806395,0.0018207812050109763,0.005109504844043606,0.009043990007339712,0.007214887133201635,0.005726972693274929,0.0033969053376850153,0.007945529682561618,0.00240829104538472,0.021403332994918818,0.0013913830780522603,0.04193788373296768,0.0132530902518304,0.00759435524539771,0.0018474105462177167,0.012061427232828667,0.006617391289875364,0.0602239194728722,0.029784918139740765,0.004308960274015917,0.0017425575152161693,0.0025780530955777,0.0010984603247781058,0.0038113244602149318,Control
0.027794310448879343,0.0029550704430524595,0.01057998460033715,0.0,0.042203400412045046,0.012923230599546306,0.0034170603292198215,0.009493684057186858,0.0019644975339729066,0.03354213056416879,0.07036397311302109,0.17790356481385117,0.04313154225542627,0.02123488647951222,0.009514494412419621,0.008236738601127919,0.01595321832143677,0.0011237591825692518,0.003375439618754297,0.01827981603645978,0.001839635402576323,0.0020685493101367278,0.02220464903335897,0.0014067800137348384,0.0032755499136370284,0.0017480698395521592,0.0010904626141968218,0.0024556219174661355,0.0,0.002776101388050694,0.0021684390152539863,0.0013110523796641218,0.004786381703535678,0.0014109420847813908,0.0029509083720059073,0.03464507939150524,0.001727259484319397,0.0,0.0012569454560589404,0.0037666742971302573,0.0030424739350300707,0.0076082658730984585,0.005781116683661794,0.001710611200133187,0.0,0.0016856387738538726,0.001211162674546853,0.0032214429900318366,0.0026845358250265306,0.0011528936798951188,0.001731421555365949,0.004336878030507983,0.0019145526814142667,0.006771689592741346,0.002655401327700663,0.009705949680561054,0.0026304289014213483,0.001764718123738369,0.0011154350404761362,0.00229330114665057,0.004128774478180341,0.00395812956527168,0.0,0.0017397456974590538,0.002309949430836779,0.001202838532453748,0.0011861902482675382,0.00567290283645142,0.001710611200133187,0.0011279212536158044,0.0,0.006297213493434337,0.002651239256654111,0.0011112729694295839,0.0015566145714107364,0.001552452500364184,0.0201735583626413,0.0028010738143300087,0.014579734876074363,0.0010987867562899268,0.0015857490687366032,0.0018562836867625327,0.005106861174120247,0.009210663226021272,0.007579131375772581,0.005739495973196258,0.003471167252825003,0.007937069485776122,0.0024889184858385553,0.021513745239631205,0.0012860799533848072,0.041795517449482816,0.013318627348968838,0.007541672736353609,0.0020102803154849833,0.012178219882213431,0.006459534264249892,0.060791209705949645,0.02967972863296773,0.004324391817368326,0.0017064491290866347,0.002655401327700663,0.0011487316088485665,0.003858239860154411,Control
0.0273286451124366,0.0028265875503528637,0.010714219212602303,0.0011519864939514507,0.04157951251606022,0.01307281224978741,0.0035143036254057756,0.009654093710625469,0.0020383209300304725,0.03329836822602774,0.07118357922700225,0.1771191648097916,0.043790383147232076,0.020998926219485698,0.009907332120933759,0.008278661560519644,0.016333877464884926,0.0011296419283360144,0.0032958234282770464,0.018584471768262077,0.0020519759423510238,0.0022059051721462605,0.022039189885360008,0.0014437072117085574,0.003444787199046629,0.0017763929664272953,0.0012177788260413459,0.0026155555417626173,0.0,0.002912241718545368,0.002372248049505624,0.001246330215438851,0.004698565603023974,0.0014474313059777877,0.002924655366109505,0.03465021444576166,0.0017515656712990316,0.0,0.0012637093220286427,0.003992229056624855,0.0029904476981994004,0.007789563846492841,0.005794690682936828,0.001693221527747608,0.0,0.0018024616263119728,0.0012277097440926558,0.003048791841750823,0.002764519312532199,0.0,0.001823564827170995,0.004108917343727702,0.0019663217741585095,0.006555647278618116,0.002500108619416184,0.009834091600305383,0.002663968767262731,0.002035838200517656,0.0012450888506824371,0.0023288002830311656,0.004022021810778773,0.004151123745445747,0.0011432969406565548,0.0018843917002352353,0.002382178967556934,0.0011817792481053694,0.0012798470638620105,0.005653175100705717,0.0017701861426452266,0.0,0.0,0.006180755122181335,0.002527418644057275,0.0011619174120027604,0.0015802573349140024,0.0015976364415037942,0.019755078733559726,0.0030438263827251687,0.014447003035136819,0.001187986071887438,0.0016870147039655394,0.0017279797409271813,0.005236076542550889,0.00875534562698231,0.007140330078888734,0.005689174678641704,0.003397615338302929,0.0077001855840310865,0.0025075568079546665,0.021362646093114744,0.0013841217034007201,0.04200405926275346,0.013270189246057105,0.0076418414404796735,0.0018682539584018675,0.011876136624605096,0.006461303557130716,0.06052025596941278,0.02926269140292836,0.0043447766474462015,0.0017602552245939167,0.0026192796360318582,0.0010787459733230733,0.0037253356339960225,Control
0.02729517335391644,0.002780523695388215,0.010686509494856495,0.001117927005234546,0.04157695415295587,0.012779425328344059,0.0035230499094975653,0.009666382294925101,0.00202144674499679,0.03300517737123156,0.07046626433331388,0.1768784709527052,0.04350511492981735,0.02098332438088962,0.009840917332081499,0.008237752831304374,0.016039920375912377,0.00115930384593973,0.0033944055502141825,0.01835250961823467,0.0020304744193324633,0.0022539093591404484,0.022093728324177775,0.0014376571379564036,0.0034718930882620684,0.001755882658288991,0.0011743499698325254,0.002678210052917221,0.0,0.002897131155557365,0.0022734693202010746,0.0011766068884164463,0.0046891245111890575,0.0014143356459225757,0.00294302183343038,0.03470238014633862,0.0017461026777586671,0.0,0.001265379019383926,0.0038811476581460456,0.003085207704217278,0.007717909250808358,0.005820593027927118,0.00169494585652317,0.0010660178778044086,0.001791993355631693,0.0012209929539001808,0.002986655592719485,0.0028286712918451514,0.0010562378972740953,0.001822837909611913,0.004145207132464575,0.0019281607768614688,0.006643616004862915,0.002523987283016089,0.00980781585951736,0.0028542497024629005,0.001907848509606202,0.0012480759769072098,0.0023050661803759457,0.003956378277610022,0.004085022636893404,0.0010863301450596858,0.0018213332972226324,0.002508941159123294,0.0011585515397450898,0.0011307162105434205,0.005674645626167019,0.001747607290147948,0.0,0.0,0.0061643969588774435,0.0025360241821303234,0.0011329731291273412,0.0015512553733469916,0.0015948891326360967,0.019871415825212208,0.00297236177502133,0.014521014168934846,0.0011577992335504495,0.001687422794576778,0.0016798997326303749,0.005202197335933311,0.008860662360466011,0.007053622880941533,0.005728811672181078,0.0033560379342875593,0.0077111384950566035,0.0024352151520486095,0.02125791614193311,0.0013594172937138771,0.04190571196001344,0.013218772146013628,0.007572714155242898,0.0018341225025315067,0.012207672620417864,0.006551082342922234,0.0609368017658131,0.029618294882963764,0.004292659146613944,0.0017912410494370526,0.0025473087750499173,0.0011156700866506253,0.0037525032988626624,Control
0.02754260656685906,0.002827434997242511,0.010599518448273554,0.0010855090593599951,0.04169861318483249,0.01288487147411322,0.0034690555936671952,0.009481726591609164,0.002031125997067644,0.03252222805106059,0.07092665079429136,0.17727829116392915,0.04372839406534576,0.021126400602612228,0.010030534145783735,0.008354518919064335,0.016391590331302254,0.0012227109479036407,0.0034206313977106157,0.01836756654964151,0.0020284357639589437,0.0021831241677091272,0.022310103170439743,0.0013948858668603621,0.0033547206865474884,0.0017432710544368717,0.0012132951320231937,0.002616251698209647,0.0,0.0028946908249599837,0.002279972559622296,0.001214640248577539,0.004722704222320865,0.0013962309834147175,0.00295522106990571,0.03447264705486729,0.0016894663922628916,0.0,0.0011783221016101074,0.003904873357276405,0.0030023001493079335,0.007922736505118171,0.005848566778311338,0.0016908115088172366,0.0,0.00184280967945873,0.0011998439664796911,0.003081662026014553,0.0027628694026337395,0.0,0.0017674831524151558,0.004219630630994173,0.001850880378784821,0.006682539042007993,0.0025194033062964903,0.00971174152240292,0.0027063745073510584,0.0020203650646328526,0.0012657546776428186,0.0022651762775244477,0.00403938501271135,0.004047455712037452,0.0011164467401100255,0.0018535706118935214,0.002516713073187789,0.001182357451273153,0.0012079146658057927,0.00568984302489811,0.0017432710544368717,0.0010599518448273554,0.0,0.006280349192257513,0.0025126777235247428,0.0012119500154688385,0.0015926180003497336,0.0016370068466432565,0.019871406857404177,0.003029202480394929,0.014497666222778162,0.0011715965188383612,0.0016450775459693583,0.001568405902371439,0.005198875482560564,0.008690798057651699,0.0070416851620192945,0.005793416999583014,0.0034098704652758133,0.0076308462128243425,0.002429280497155078,0.02119903689654711,0.001311488640490697,0.04166364015441935,0.013122957104233099,0.007497679673943752,0.001822632931143481,0.012194826681731979,0.006564168785225239,0.06041860027171357,0.029877728905209667,0.0042895766918203465,0.0018670217774370142,0.002610871231992257,0.001107030924229589,0.0038793161427437646,Control
0.027507129277566603,0.0034458174904943004,0.010911755386565311,0.0010891951837769347,0.04178548795944231,0.012595057034220565,0.0033666032953105192,0.009921577946768059,0.0019011406844106477,0.03334917617237008,0.06796577946768059,0.17856859949302867,0.04418171736375164,0.021328422053231943,0.009307667934093797,0.007426330798479094,0.015327946768060858,0.0013862484157160996,0.0033467997465145764,0.018694550063371368,0.0018417300380228188,0.0020991761723700873,0.021704689480354835,0.0015446768060836534,0.0035052281368821298,0.0016833016476552648,0.0,0.00251505069708492,0.0011288022813688208,0.003010139416983525,0.0026338719898605888,0.0012872306717363745,0.004594423320659065,0.0014852661596958144,0.002653675538656531,0.035270120405576685,0.0014852661596958144,0.0011684093789607066,0.0014060519645120425,0.0038220849176172373,0.0030695500633713536,0.008020437262357412,0.005644011406844113,0.0017823193916349793,0.0011882129277566492,0.0019209442332065905,0.0012674271229404315,0.00271308618504436,0.0025546577946768062,0.0010891951837769347,0.0019803548795944187,0.004396387832699625,0.0019407477820025333,0.006079689480354878,0.0025546577946768062,0.00952550697084918,0.002336818757921423,0.0017625158428390365,0.0012476235741444885,0.0022179974651457554,0.0040597275031685745,0.0037230671736375124,0.0011882129277566492,0.0020793726235741445,0.00251505069708492,0.0012674271229404315,0.0,0.005663814955640056,0.0017229087452471502,0.0,0.0,0.006515367553865655,0.002297211660329527,0.0011486058301647636,0.0014654626108998713,0.0016040874524714825,0.020734315589353656,0.002831907477820028,0.014456590621039284,0.0010891951837769347,0.0015446768060836534,0.0018615335868187614,0.005366761723700892,0.008357097591888473,0.007386723700887196,0.006040082382762993,0.0033071926489226895,0.007901615969581756,0.0020793726235741445,0.020952154626109047,0.0012278200253485457,0.04174588086185049,0.013129752851711064,0.007465937896070978,0.0019407477820025333,0.011862325728770638,0.0071886882129277565,0.062420785804816255,0.029606305449936674,0.004178548795944231,0.0019209442332065905,0.0024754435994930346,0.0,0.004138941698352346,Control
0.027264591419790023,0.0028034754504124354,0.010620681896053584,0.0010862061030054737,0.041756544596329166,0.01296083214433657,0.0034601085183310096,0.009469017044844348,0.00205172263901034,0.03318247137458256,0.07085295817288269,0.17656781372894984,0.04358427558132997,0.021127833775691236,0.009745171138828801,0.008129158292549458,0.015924886086436177,0.001167006745319445,0.0033240770572201513,0.01852073456989001,0.002048654260188292,0.0021151358013327018,0.02189390568826297,0.001434978495778423,0.0034181740077629946,0.0017346568273985715,0.0011373457500396325,0.0026244866857928944,0.0010504083500815652,0.002926210603294412,0.002331967904757521,0.0012631492817436565,0.004617910127184299,0.0014850953498718926,0.002908823123302803,0.034907923065515004,0.0017745457520852177,0.0,0.0012120096347094976,0.003926502099282507,0.003071447200871414,0.007616739029267218,0.005790030837207162,0.0016671524933134928,0.0,0.0017172693474069621,0.0012079184629467702,0.003112358918498739,0.002760518146903752,0.0,0.0018062523332463987,0.004112650414486835,0.0018839845967383115,0.006530532926261745,0.0025559595587671255,0.009704259421201478,0.0028147261727599596,0.0020251300225525865,0.0011792802606076372,0.0023053752882997566,0.004055374009808579,0.004126969515656407,0.001062681865369768,0.0017520443073901913,0.0024485662999954006,0.0011946221547178882,0.0012815595546759558,0.005831965347775166,0.001713178175644235,0.0010677958300731852,0.0,0.006244150902870466,0.002526298563487313,0.001156778815912611,0.0014820269710498443,0.001544417340431517,0.019444316595326853,0.0030509913420577565,0.014468428938903457,0.0011803030535483272,0.001700904660356032,0.0016702208721355407,0.005249996164526468,0.008817497941629202,0.007157504998900496,0.005745027947817099,0.003405900492474802,0.007685266156292986,0.0025181162199618486,0.02125466010033596,0.0013838388487442638,0.04161744475639625,0.013369949320609822,0.00752980162930915,0.001812389090890495,0.012236694742332908,0.0064057521874984,0.060908342410620694,0.03003942866786335,0.004330505310852343,0.0018011383685429816,0.0025927801046317133,0.0010984796182936763,0.0037628552287732055,Control
0.02787115715527486,0.0026476379698781335,0.01081229710312036,0.0010821166912064685,0.04138874598641142,0.012883397491618041,0.0034658778449912237,0.00961709034787391,0.0019779673945823266,0.032649766724024816,0.07059037448333369,0.17701255964946472,0.043366713380993814,0.021061361338276782,0.00988983697291161,0.00829770626740701,0.016089833424988025,0.0010976388568590218,0.0032197406467864694,0.017912579163044787,0.0020356211527203685,0.0021176668854552866,0.021921732805875414,0.001545564208546951,0.00349248727182417,0.0018604424260701402,0.0011752496851217787,0.002691987014599703,0.0,0.002867165741249932,0.00226845363750865,0.001243990704440224,0.004652214791293395,0.0014457788579233985,0.0028449912188891475,0.034924872718241705,0.001696350960600314,0.0,0.0012639477745649385,0.00394706498022033,0.003013517588831134,0.007887477603732419,0.005840769189831657,0.0016763938904755997,0.0,0.0017850490500434634,0.0012462081566763045,0.002891557715846797,0.0027407709637934444,0.001071029430026076,0.0019203136364442732,0.004179897465008601,0.0019668801334019235,0.00653483173972433,0.0025434177147824204,0.009699136080608827,0.002871600645722093,0.0019469230632772193,0.0012572954178566972,0.002283975803161204,0.004104504088981924,0.004155505490411736,0.0010732468822621565,0.00181387592911249,0.0025655922371432154,0.0011575100672331553,0.001141987901580602,0.005800855049582238,0.001809441024640329,0.0011375529971084407,0.0,0.006231040783381534,0.002621028543045188,0.001124248283691968,0.0015499991130191015,0.0015499991130191015,0.01975084706675421,0.002984690709762107,0.01441343953451248,0.0012218161820794393,0.001696350960600314,0.0017761792410991518,0.005215447659257419,0.008947419772578102,0.007135761295701692,0.005807507406290471,0.0034215288002696445,0.007550424863848435,0.0024813290521722166,0.021068013694985024,0.0012728175835092503,0.041980805733444516,0.01321601532702981,0.007477248940057838,0.0018648773305423012,0.01238225328626425,0.006364087917546263,0.060884586046016584,0.029290326586365382,0.004304074790229019,0.0018937042096113274,0.002552287523726743,0.0010599421688456834,0.0038628017952493316,Control
0.0273073465118956,0.0029157193636792805,0.010722107591378927,0.0011509418540839287,0.04164241070609453,0.013045675711290393,0.003436145245525922,0.009651231257579124,0.0021067240024753606,0.0333172646282208,0.07114488689911246,0.17668959098195366,0.04364404871319695,0.02092045323756605,0.009567829673949852,0.008208383860792747,0.01609316957710388,0.0012076549309518252,0.0033227190917901185,0.018338340208403872,0.002024990450518678,0.002061687147315553,0.022433357964601077,0.0014812121252558387,0.0034411493405436776,0.0017864619213389615,0.00117095823415495,0.0026905350878802525,0.0,0.0028906988885904943,0.0022501747263177063,0.0012660360394923206,0.004677160809929456,0.001462863776857396,0.0028206415583419105,0.035123742929630754,0.0017397570345065757,0.0,0.0012093229626244139,0.004029964520966324,0.0030925307209733245,0.007916478318090303,0.005813090378960118,0.001744761129524331,0.0,0.00184150696653428,0.00120265083593407,0.0029323996804051355,0.0026471662643930225,0.0,0.0019515970569249166,0.004061657122745444,0.0019399208352168173,0.006667122595323836,0.0025270679839668755,0.009757985284624581,0.0027806087981998577,0.0018898798850392547,0.001239347532730956,0.002296879613150092,0.003984927665806517,0.004064993186090621,0.0010708763337998238,0.00184150696653428,0.002410305766885906,0.0012076549309518252,0.0012560278494568103,0.005546205311346449,0.0017647775095953517,0.0,0.0,0.006240106487141977,0.0025103876672410218,0.0010925607455434334,0.001581294025610954,0.0015712858355754436,0.01998635550091822,0.0029941168522907868,0.014239986388861575,0.0012510237544390444,0.0017147365594177891,0.0016396751341514497,0.005324357098892598,0.00878051872448954,0.0073426754227209215,0.0057013322568968934,0.003409456738764557,0.007679617820583176,0.0023335763099469778,0.021505932354643546,0.001321081084687639,0.0421544964295782,0.013385954172497877,0.007394384404571073,0.001924908550163552,0.012273377046883369,0.006461954699595839,0.06022261550702322,0.029904471826111004,0.004355230697120478,0.00184150696653428,0.0023485885950002435,0.00111758122063222,0.003951567032354808,Control
0.028546472386548578,0.0025608448802953887,0.010958033906380222,0.0013697542382975383,0.04037797276372735,0.01347917576527577,0.003890896097192991,0.009727240242982486,0.0022233691983959978,0.03335053797593997,0.07148529003057134,0.17961646881327695,0.042621193472823234,0.021201413427561863,0.00915154643268352,0.008238376940485171,0.015722396474371646,0.00125064517409775,0.003454162861793784,0.01895819271846588,0.0017866359629967815,0.0019454480485964955,0.023047603922658474,0.001290348195497676,0.0029975781156946052,0.0018858935164966064,0.0011315361098979619,0.002580696390995352,0.0,0.0032556477547941343,0.002024854091396358,0.001270496684797713,0.0050025806963909895,0.0011315361098979619,0.0030571326477944944,0.03547464962083614,0.00164767538809703,0.001071981577798073,0.0011712391312978878,0.0038710445864930275,0.002918172072894743,0.008397189026084885,0.0054790169531901325,0.00125064517409775,0.0,0.001985151069996421,0.0015087148131972788,0.002679953944495177,0.002382181283995712,0.001330051216897602,0.0018461904950966806,0.004188668757692456,0.0015881208559971414,0.006292928891888677,0.0027792114979949913,0.01048159764958113,0.002243220709095961,0.0018858935164966064,0.0011910906419978506,0.0024020327946956753,0.003910747607892964,0.0038313415650931015,0.0011116845991979989,0.0022630722197959237,0.002421884305395638,0.0,0.001210942152697824,0.0061738198276888884,0.0015881208559971414,0.0,0.0,0.006372334934688528,0.0024615873267955636,0.0,0.0018660420057966436,0.0015682693452971782,0.019831659189264335,0.0028387660300948914,0.01441219676817407,0.0,0.001727081430896892,0.0016873784094969665,0.004684956525191562,0.008496446579584701,0.007206098384087024,0.0054790169531901325,0.00335490530829396,0.007563425576686388,0.002719656965895103,0.021241116448961723,0.001310199706197639,0.04154921189502525,0.013419621233175817,0.007484019533886526,0.0019255965378965323,0.01165283678087903,0.006550998530988206,0.06104339540239006,0.03057132647794494,0.00434748084329217,0.0016873784094969665,0.0024020327946956753,0.0,0.003374756818993923,Control
0.027568043569246317,0.0028043464758170868,0.010729193937596181,0.0011191844349772973,0.04175985947501664,0.01290661137307328,0.0034939684201910678,0.00954789708843705,0.0020508706477047746,0.03284295485588466,0.07042793131411877,0.17665467181135433,0.043597690346976255,0.021142601395613712,0.00976848323226038,0.008288234109235423,0.016099886049842055,0.0011580772550724699,0.003397607104731402,0.018330128061866253,0.002052031627409101,0.0021634856790251076,0.02204584360558505,0.0014465807115992939,0.0034620414783218968,0.001769913559256116,0.0011859407679764666,0.0026522581345494183,0.0,0.0029152200375809193,0.0022615884640412635,0.0012161262402891264,0.004596899139307698,0.0014372928739646285,0.002921605425954747,0.034963484285849514,0.0017989380518644493,0.0,0.0012271555474802924,0.003957779812072219,0.002978493431467077,0.0076235732285046135,0.005699249368572164,0.0016810986118746152,0.0,0.001754240333247612,0.0011940676259067948,0.0029639811851629107,0.0027137900588790854,0.0010506866324216382,0.0018639529153071076,0.004156307341513215,0.0019237433700802745,0.006651833215977636,0.0026122043347499182,0.009748746577286712,0.002796219617886748,0.0019405775757931052,0.0012503751415669612,0.0023022227536929362,0.003922369931090047,0.004122638930087543,0.001091320922073301,0.0017844258055602826,0.0024665013818560982,0.0011830383187156287,0.001226575057628129,0.005734659249554336,0.001720571921821951,0.0010826135742907988,0.0,0.006129972838879818,0.002508877141064261,0.0011696870521157993,0.001570805539962956,0.0015458444763197868,0.01986029931217754,0.0030237716399360783,0.014431558214715123,0.0011783943998983015,0.001693288898770118,0.00167355224379645,0.005244145324473516,0.008871045920810738,0.007179498491597119,0.005703312797537328,0.003402251023548729,0.007818037328980435,0.002445603747178093,0.021281918960133747,0.0013647316424437947,0.04192936251184923,0.013183505032556764,0.007434914026550445,0.0019005237759936058,0.012177516118751983,0.006476525280623309,0.06063971142688471,0.029640972831333497,0.004196361141312714,0.0018146112778729424,0.0025872432711067594,0.0010994477800036293,0.0038202037171087165,Control
0.027483052499971343,0.002720393969634056,0.010677976470408261,0.0010877752415472826,0.04160596919053464,0.012737867195833913,0.0034525871462818703,0.00946593867929939,0.0020178326317278577,0.03322398228971907,0.07066906780147049,0.17643561479374348,0.043760490626780266,0.021192499894854742,0.009655200100939423,0.008256768485488043,0.016126411335803274,0.0011843176838990188,0.0033818530796083206,0.018316299805385773,0.0020216560947912974,0.002163124228138397,0.02212255728503534,0.0015064444469934219,0.0034631016697063187,0.0017463667542239672,0.0012330668379578115,0.0026056900777310025,0.0,0.0029077436597423796,0.0022835633146365995,0.0011661562343477014,0.0046455076220736176,0.0014490925010418902,0.0028905380759569215,0.03479351387725916,0.0018142332235999478,0.0,0.00117475902624043,0.003980225049035914,0.0030329620750698706,0.007819937830490587,0.0057810761519138335,0.00158864890285727,0.0,0.0017339404992678092,0.001221596448767503,0.003011933028220984,0.0027892163047758866,0.0,0.0019184225920785528,0.0042574261211349535,0.0018840114245076373,0.006718780468221287,0.00255502919214049,0.009765124664013186,0.002801642559732055,0.0019910683902838113,0.001187185281196588,0.0022940778380610483,0.003929564163445401,0.004067208833729062,0.0010925545703765718,0.0017721751299021532,0.0025062800380816976,0.0012235081802992227,0.0012273316433626625,0.005748576715874637,0.0017635723380094244,0.0010581434028056568,0.0,0.0061156291699644046,0.0025043683065499775,0.0011240981406499173,0.0015991634262817185,0.0015246058965447393,0.019895390050584463,0.0030903140210214028,0.014488057413121373,0.0012015232676844765,0.001699529331696894,0.0016880589425065855,0.005281158356369696,0.008814994092749565,0.00718619882772623,0.005717033145601292,0.0035214094814236996,0.0077616300187732055,0.0025282649506964444,0.021359776403880072,0.0013668880451780424,0.042115445643737405,0.012981612966127931,0.0075341339664988195,0.001832394673151265,0.012176773991274826,0.006459740845673565,0.06085423811763263,0.02974941023082242,0.004266984778793543,0.0018237918812585362,0.002610469406560302,0.0011642445028159814,0.00380243401658618,Control
0.027276451701945315,0.0028062121366205146,0.010761117487251786,0.0010762279720482892,0.041663155753780864,0.013061758168320435,0.0034744962445338715,0.009593654206557905,0.0021489692444031164,0.03309691572356287,0.07068063283599432,0.1772359188180089,0.04329783679339854,0.021082329696511803,0.009783098223235944,0.008357038048610408,0.01620211235889766,0.0011726933302340454,0.00339778885127773,0.018387691950082084,0.0020164746560516044,0.0021536181773277358,0.022038847645751317,0.0014411692066305414,0.0034425348306771405,0.001804948207981636,0.0011930324117792328,0.0026353638516409318,0.0,0.00285967486525358,0.0022930861650661714,0.0012186015428646134,0.0047488849824938555,0.0014458181395551502,0.0028277134513968595,0.034989612540496554,0.0017224296485697278,0.0,0.001176180029927507,0.003909171472985341,0.0029160431769645343,0.007829384161666644,0.005754797844057353,0.0016643179870120426,0.0,0.001786933592898753,0.0012319672250228773,0.0030566733979341277,0.002805049903389357,0.0,0.0018125027239841334,0.0041346447198291475,0.0018973457498583561,0.00663460840004068,0.002640593901181114,0.009733703310911912,0.0028567692821757024,0.0019868377086571885,0.0012546307730303798,0.002276233783214446,0.0040190025133293615,0.004100939956125696,0.0010843636046663707,0.0018165705402931687,0.0024534743509653793,0.0011622332311536593,0.0012023302776284614,0.005745499978208125,0.001785771359667606,0.0010715790391236804,0.0,0.006172620690657097,0.0025714410239274805,0.0011477053157642383,0.0015881917103714744,0.001570177095288602,0.019890459517963723,0.0029683436723664525,0.01436345938721251,0.0011424752662240452,0.0016811703688637686,0.0016672235700899314,0.005206804875568401,0.008858541687853206,0.007161681170368858,0.0056769282175700535,0.003493091976232328,0.00774454113579242,0.002440689785422689,0.02150305812618945,0.0013325003995176686,0.0418438830212253,0.013001322040300455,0.007500472157250157,0.0018485319541498995,0.012103496869234216,0.00655673877355338,0.060477968416311936,0.029513750671916063,0.004336292185434314,0.0018601542864614326,0.00259526680516613,0.001156422064997893,0.003836531896038235,Control
0.02751829873266063,0.002951509138446368,0.01126939852861341,0.0011169558896023295,0.04193264568786384,0.01315387159375258,0.0034631872554709,0.009578364751617715,0.0021278321695776185,0.03393299512657787,0.07066773994271702,0.17603599218754892,0.044141597558920984,0.02091016305059993,0.009391165440511174,0.008305409436093267,0.016055460915903867,0.0011356758207129761,0.0032884678984381344,0.01821449297066586,0.002059192422171883,0.0021839919629095803,0.022257998090567013,0.0015350343510735864,0.003669106497688087,0.0017846334325489698,0.0010607960962703681,0.0027767897814136027,0.0,0.0028329495747455636,0.0021403121236513835,0.0011668757058973978,0.004661262846552719,0.0013915148792252425,0.002676950148823455,0.03442595331249178,0.001878233088102235,0.0,0.0013228751318195165,0.004080944982122462,0.0029702290695570246,0.007506692375372058,0.005940458139114049,0.001628634006626851,0.0,0.0017846334325489698,0.0011107159125654368,0.0028828693910406427,0.002733109942155416,0.0,0.0016785538229219302,0.004055985073974922,0.0019967926518030393,0.006620615636134454,0.0025583905851226506,0.010040123052347168,0.0026395102866021408,0.0019219129273604315,0.0013103951777457417,0.002233911779204648,0.0039062256250896963,0.004293104201376542,0.0012105555451555944,0.0020030326288399216,0.002726869965118523,0.001191835614044937,0.0012979152236719772,0.005690859057638667,0.0015849541673686651,0.0010732760503441327,0.0,0.006358536600585306,0.0025521506080857575,0.0,0.0015849541673686651,0.0016161540525530865,0.02008024610469438,0.0030076689317783288,0.014389387047055682,0.0011107159125654368,0.0015038344658891644,0.0015787141903317826,0.005566059516900979,0.008573728448679308,0.007438052627966332,0.005747018850970626,0.0035630268880610474,0.007906050905732667,0.0026020704243808366,0.021003762706153267,0.0013166351547826344,0.041277448098991,0.01337851076708034,0.007487972444261401,0.0016473539377375084,0.012292754762662516,0.0065894157509500334,0.06145753383627549,0.029253012348914517,0.004249424362118345,0.0017409535932907734,0.0026519902406759153,0.001191835614044937,0.003594226773245469,Control
0.027338568555041475,0.0028085864278641634,0.010804650670386494,0.001264175265757044,0.04223466331213917,0.012971808268827188,0.003443787792924352,0.009546702868992835,0.0020052435249939336,0.032731552693689776,0.07066303813076433,0.17723986324488236,0.04366698011570626,0.020924280260806262,0.00953424794026617,0.008070793814882399,0.01574925737487472,0.0010835787992203264,0.003362830756201003,0.01767354386314522,0.00199901606063059,0.002086200561717283,0.02263060549636011,0.0016378231275571554,0.003207144147117617,0.0018121921297305401,0.0011396259784903437,0.002652899818780788,0.0,0.0028521786784075145,0.0022917068857073422,0.0011458534428536765,0.004639460950684714,0.0012953125875737191,0.002889543464587523,0.03502325957939702,0.001656505520647154,0.0,0.0011396259784903437,0.003730251153637771,0.0031884617540276186,0.007896424812709014,0.005610945391365005,0.00160668580574048,0.0011894456933970175,0.0015444111621071301,0.0011333985141270002,0.002870861071497524,0.0027338568555041478,0.0,0.0016814153781004963,0.004153718730344567,0.001942968881360573,0.006856438264032039,0.0023228442075240285,0.010269088735139716,0.002752539248594146,0.002042608311173942,0.0013638146955704021,0.0021422477409872996,0.00409767155107455,0.003948212406354507,0.0010835787992203264,0.0017623724148238557,0.002422483637337386,0.001264175265757044,0.001264175265757044,0.005617172855728338,0.0016938703068271727,0.0011707633003070186,0.0,0.006015730574981791,0.002528350531514088,0.001058668941766984,0.0016004583413771474,0.0016689604493738306,0.019834473997222584,0.0031573244322109432,0.014248438463310857,0.0011894456933970175,0.0015070463759271117,0.0016502780562838214,0.005336936959378252,0.008842999395935965,0.0073048156981921665,0.005324482030651586,0.003319238505657652,0.007541459343998913,0.002372663922430702,0.02180858020039985,0.001077351334856983,0.04248998935103592,0.012909533625193858,0.00749786709345556,0.0019803336675405913,0.01219337522341026,0.006308421400058543,0.06124088454903816,0.029455906438575402,0.004433954626694653,0.0016938703068271727,0.002752539248594146,0.001233037943940369,0.003848572976541149,Control
0.02803626581647902,0.0029490883730198224,0.010939523762080301,0.0011357975490684461,0.04202450931553249,0.013131413769054459,0.003925475739762884,0.01074026103417357,0.002092258643020823,0.03265916110391556,0.07195377104712568,0.1763275879246785,0.0429012653183222,0.023174255255554468,0.00958453721231444,0.008189698116967223,0.016040649596492977,0.0,0.0038258443758095073,0.017654677692537632,0.002112184915811496,0.0025306366444156647,0.023353591710670505,0.0013948390953472188,0.003427318919996011,0.001992627279067446,0.0010760187306964263,0.0027498256451130806,0.0,0.0029889409186011793,0.002291521370927565,0.0011557238218591192,0.004842084288133903,0.0014745441865099112,0.0025505629172063375,0.034512304473448226,0.0017335857327886838,0.0,0.0012155026402311492,0.0039055494669721995,0.003247982464879942,0.00787087775231643,0.005579356381388864,0.0017136594599980108,0.0,0.0019129221879047537,0.0,0.003387466374414665,0.002391152734880942,0.0,0.00183321709674205,0.004005180830925575,0.001992627279067446,0.007153531931852151,0.0024708578260436345,0.009664242303477134,0.002889309554647803,0.002112184915811496,0.0,0.002331373916508922,0.004045033376506922,0.004244296104413676,0.0,0.0019328484606954265,0.0022715950981368922,0.0,0.0013749128225565453,0.006097439473946399,0.0018730696423234067,0.0,0.0012752814586031687,0.00561920892697021,0.002590415462787684,0.0,0.0015941018232539612,0.0016538806416259808,0.019806715153930506,0.003068646009763873,0.014566105409983076,0.0011955763674404653,0.0015941018232539612,0.0017136594599980108,0.0051409783799940215,0.008827338846268806,0.006894490385573378,0.005878250473248983,0.0031882036465079224,0.007432499750921587,0.0029490883730198224,0.021799342432997932,0.0016140280960446345,0.04246288731692734,0.013270897678589213,0.0070937531134801215,0.002251668825346219,0.011557238218591191,0.007053900567898775,0.059858523463186264,0.029032579456012786,0.004602969014645814,0.0016339543688353075,0.0025107103716249914,0.0011158712762777728,0.004164591013250972,Control
0.027112030963740194,0.0028325069249479466,0.010567189190203205,0.0011442577643829498,0.041312082236492464,0.013480982185845012,0.0035015538145051865,0.009285370383107503,0.0021321961620469113,0.03319598071644295,0.07028744005152288,0.17831037522900767,0.04342552007453306,0.02099681733769365,0.0096855479619081,0.008409981929481211,0.016313489110792875,0.001256807708420607,0.003270201151761094,0.018220585384764496,0.0022822627540971313,0.002063415640690553,0.02214732787674525,0.0014068743004708381,0.00325769560242358,0.0016194686392086491,0.001106741116370387,0.0027637264035915883,0.0,0.002895034671635538,0.0021071850633718734,0.001256807708420607,0.004902175340307257,0.0014568964978209044,0.0028325069249479466,0.034971768722370566,0.001788293555265151,0.0,0.001313082680439441,0.0038329508719494227,0.003082617911698321,0.007709671166580165,0.005802574892608589,0.001800799104602665,0.0,0.0017007547099025216,0.0011442577643829498,0.002857518023622985,0.0025323737408474954,0.001094235567032873,0.0017820407805963939,0.00403303966134972,0.001838315752615228,0.006540402303522188,0.0027387153049165604,0.009654284088564306,0.002707451431572765,0.001850821301952742,0.0011505105390517067,0.002594901487535097,0.0038016869986056277,0.0040705563093622835,0.0,0.001788293555265151,0.0025698903888600583,0.0011755216377267452,0.0011692688630579775,0.005558716680526983,0.0018070518792714218,0.0,0.0,0.00642785235948452,0.0023823071487972755,0.0012380493844143363,0.001538182568514777,0.001631974188546163,0.0198525595733107,0.0031451456583859116,0.014443909484833905,0.0,0.0017382713579150739,0.0017070074845712787,0.005296100144439094,0.008941467776325745,0.007321999137117095,0.005752552695258523,0.003345234447786209,0.00795978215333054,0.002769979178260356,0.022028525158038863,0.00129432435643317,0.0420936790700873,0.012868210268306512,0.007865990533299153,0.0019070962739715762,0.012411757717487145,0.006359071838128171,0.0612334223311595,0.02952560198588123,0.004170600704062426,0.0018133046539401895,0.0025761431635288154,0.0010567189190203202,0.0040017757880059235,Control
0.027424896692017406,0.0027877201487231922,0.010723206258823588,0.0011223652406004002,0.0415353508664884,0.01302391505626383,0.0034432262318868155,0.00958796600548811,0.002059442254448322,0.03299977720630135,0.07044647185466242,0.17711595236469196,0.04378120091401389,0.021217461204227975,0.009727911796086664,0.00831781801001564,0.016165418163620136,0.0011738652915406734,0.003405160976844008,0.018445414984051743,0.0020320128794910006,0.0021288553665851986,0.022042021802434555,0.0014543166559001712,0.0035266339230835583,0.0018002626502597971,0.0011850609547885496,0.002688078745817025,0.0,0.00285265499556092,0.00227663812145727,0.0011884196537629184,0.004610933908641151,0.0014643927528232678,0.0029433398678687804,0.03485937687177498,0.0017985833007726072,0.0,0.0012040935823099533,0.0038871342796654293,0.0030329051738518607,0.007765312028732553,0.0057719241874467486,0.0016603168596612432,0.0,0.001718534308550244,0.001221446860344178,0.002978606207099619,0.002769807087526578,0.0,0.001805860481883735,0.004105449712999167,0.0019346106092344025,0.0066989251043715736,0.002618665633680137,0.009730150928736244,0.0028056332099198056,0.0020168987341063556,0.0012365610057288228,0.002279437037269239,0.004061226843170032,0.004028199636588773,0.001085979335044772,0.0018304909410290873,0.0024708828788080664,0.0011733055083782734,0.0012130501129082602,0.005760728524198863,0.0018394474716273944,0.001074783671796896,0.0,0.006112832133344826,0.002570524281714233,0.001156512013506449,0.0015769091684645006,0.0015433221787208517,0.01995515017302899,0.0029858833882107465,0.014470394747890433,0.0011984957506860152,0.0016116157245329493,0.0016989418978664403,0.005169037721548177,0.008786916300101996,0.007187056021979322,0.005672842567702972,0.003411878374792736,0.0077501978833479064,0.002479279626243973,0.021386515719270954,0.001327805661199083,0.0417782967589674,0.01308605098728953,0.007480382399073896,0.0018461648695761218,0.012201593590706722,0.006381528051294048,0.06063515236737901,0.02973120332108155,0.0043276836284696744,0.0018355289894906356,0.0025520514373552293,0.0011374793859850452,0.0038182809506909425,Control
0.027572869624843923,0.0027160374781029523,0.01081861476731543,0.001157128393037945,0.04161376554221647,0.012948052435058796,0.0034071002683894987,0.009621308305074761,0.0020517600672848696,0.03344154626638593,0.07015626590381907,0.17673261227091813,0.043413743042497656,0.020785454467533434,0.00996416116227118,0.008391859387471941,0.016175690661009632,0.0010767722546325346,0.0033187085161435516,0.01847655475735129,0.002033010301656943,0.0020062249221884697,0.022017581923083115,0.0013365904354767026,0.0033883505027615724,0.001931225859676754,0.0013767685046794076,0.0027830009267741313,0.0,0.0028365716857110678,0.0022017581923083115,0.001226770379655966,0.00468476286903557,0.0014946241743406812,0.0029169278241164887,0.03482099330901225,0.0016740862167794282,0.0,0.0012106991519748817,0.003934772243918382,0.003045497645565141,0.007979364543657488,0.005686536061156378,0.0016526579132046598,0.0,0.0016365866855235758,0.001226770379655966,0.003040140569671447,0.002710680402209258,0.0,0.001955332701198375,0.0042615538734337285,0.0020035463842416274,0.006728487322479893,0.0024856832146741004,0.010092730983719843,0.0027535370093588153,0.002081223984700196,0.0012133776899217344,0.00235979193117229,0.00419459042476255,0.004017806920270634,0.0,0.001888369252527196,0.0024615763731524794,0.0011946279242938081,0.0012348059934965132,0.005900819096904146,0.0017865848105470068,0.0010553439510577556,0.0010580224890045977,0.006096352367023988,0.00258746765665429,0.0010874864064199241,0.0016446222993641126,0.0015508734712244704,0.02023903272637661,0.0030374620317246046,0.01442124830582479,0.001165164006878482,0.0016874789065136704,0.0016714076788325863,0.0052097563066176,0.008707926865199897,0.006996341117164607,0.005646357991953673,0.003101746942448931,0.007714189286919625,0.0023276494758101215,0.021259555684125367,0.0013285548216361552,0.04181733442617679,0.012765911854673259,0.007459728181969153,0.001832119955643407,0.012358774086752481,0.006136530436226693,0.06105459396043259,0.029696950216693666,0.0042535182595931816,0.0018374770315371016,0.0026330028017506894,0.001141057165356861,0.004111555748410287,Control
0.02750370629936121,0.0028173266125771585,0.010706488045499826,0.0011353405752176653,0.04150300547184556,0.013068815871047735,0.0034717916924984463,0.009489204560769827,0.002050729130165231,0.03294212782015684,0.07047413676918513,0.17755303377449572,0.043193617078627476,0.021009730720504632,0.009869807811531302,0.008316127119329364,0.016143831370117802,0.0011881721879295902,0.003367206663252376,0.018417747109086512,0.0019838809671419693,0.0021423758052777652,0.022137523922477677,0.001390873069354964,0.0034448367880535835,0.0017833364780721853,0.0011719992452626747,0.0026803956979972463,0.0,0.0028410469284886417,0.0022103021644788263,0.0012474729777082938,0.0047257338472735085,0.0013887166769993747,0.002901425914445135,0.03495080729938817,0.0017423650233159968,0.0,0.0012313000350413785,0.003973152915172918,0.002995228981913259,0.007827704250788428,0.005823337556268364,0.001738052238604818,0.0,0.0017294266691824606,0.0012108143076632737,0.003006010943691206,0.0028550634787999677,0.0,0.0018329335022507316,0.0042329981940214065,0.0018900778996738456,0.006499366559745547,0.0026739265209304777,0.009754440820507283,0.002770964176931991,0.002014070460120221,0.0012356128197525574,0.002313808997547098,0.003951588991617024,0.004101458260330462,0.0010512412733496887,0.0018340116984285313,0.002511118898083503,0.0012054233267743055,0.0012226744656190208,0.00576619315884525,0.0017865710666055642,0.0010738833930833721,0.0,0.006160812959918051,0.002541308391061755,0.0011299495943286864,0.0015957303431359375,0.001629154424647568,0.01978274347017439,0.0030426696137362155,0.014559961184937601,0.0011353405752176653,0.00169276799913744,0.0016701258794037568,0.005255128170570632,0.008822879322892791,0.0071689263861559605,0.005757567589422892,0.003407099921830774,0.007793201973099008,0.002420550419148758,0.021346127927976456,0.0013552925954877437,0.041936440335318965,0.013110865521981764,0.007518261947761394,0.0017488342003827543,0.012123237823121876,0.006512304913879083,0.06027224453489314,0.02961373621930504,0.004371007304779106,0.0018512628372732362,0.0026286422814631107,0.0011730774414404747,0.0037952505458368176,Control
0.02709974573997498,0.0028557706904930834,0.010623925266839388,0.0010846390853895516,0.04140055931476774,0.012797977377254821,0.003476382843224772,0.009690142673959965,0.0020413365885236377,0.032939228703216604,0.07028289411497367,0.17698521892809801,0.04365290403522019,0.021205839864878402,0.00978466667876065,0.008320976786241123,0.01628390809975244,0.00114765508859,0.0033322098662055626,0.018255545169584605,0.0020776185297602637,0.0021244031381969573,0.022258970948667734,0.001429317527137458,0.003544172786061622,0.0017673124533944143,0.0012202189710632419,0.002670541832600856,0.0,0.0029321537246754428,0.0022322941739795414,0.0011724795746992634,0.004579162899232637,0.0014560515891012908,0.0028863239041660234,0.0349099109851215,0.0016718336606664575,0.0,0.001231676426190594,0.003936590624173507,0.0030295420932579587,0.007710867300709502,0.005875764904478237,0.0016603762055391051,0.0,0.0017109799656849164,0.0011705699988447046,0.0030190394260578807,0.0027593371098378525,0.0,0.0018933444597953105,0.004255489791884876,0.0019172141579772998,0.006616680336047157,0.0025626507968182625,0.009653860732723351,0.002814714809620055,0.0019515865233593677,0.0012459982450997898,0.002372647999289633,0.004036843356537866,0.003966189049919173,0.0010664981147712387,0.0019468125837229654,0.0024824486109267857,0.0011925301211721353,0.001182027453972057,0.00578410526345941,0.0018121874859765494,0.0010550406596438863,0.0,0.006233810377208066,0.0024948608539814223,0.0011228306024807261,0.0015811288075749024,0.0016145463850296856,0.01983858355301411,0.003009491546785087,0.014381970548611598,0.0011887109694630178,0.0016212299005206462,0.0017195730570304358,0.0051902271726915325,0.008810782992935523,0.007248749943906209,0.005876719692405522,0.003475428055297498,0.007923785008492836,0.0024433023059083265,0.02148272836378947,0.001411176556519145,0.041924737886844275,0.013171299456821101,0.007535186322090068,0.0018742487012497235,0.012146812010850204,0.0064858743900098595,0.06079421169366961,0.02981325302930343,0.004254535003957592,0.0018198257893947843,0.002515866188381569,0.0011323784817535302,0.0037542261300631237,Control
0.027324744282143345,0.002732474428214334,0.011090474074946365,0.0012123515337718867,0.04176055923394367,0.012862166603328238,0.00353267996595781,0.00954894099889202,0.0020045282534109066,0.03269067104861713,0.07068303831887258,0.17661526438898023,0.04340646694535592,0.021067618706075673,0.009851359814159624,0.008173336830329668,0.016236946479898474,0.001099948080309592,0.0035808528745845123,0.018458252822129588,0.0020152333442168407,0.002197219887917695,0.022106012514251174,0.0014077194409801528,0.0034764782392266626,0.001795778982695218,0.0012391142607867214,0.002571898066125348,0.0,0.0029840440621537586,0.0021490469792910033,0.001284610896711935,0.004600512773849601,0.0014880076220246566,0.002759237155229169,0.03456673821235683,0.0018198654370085742,0.0,0.0012899634421149016,0.003744105509374988,0.003048274606989351,0.008093048649285162,0.0056951083087562245,0.0016726704384269892,0.0,0.001661965347621066,0.0011481209889362836,0.003010806789168593,0.0028662880632884967,0.0,0.0018171891643070856,0.0042338634137464035,0.0018385993459189532,0.006856610661199932,0.002673596428781709,0.009562322362399444,0.0026602150652742865,0.0018733908910382327,0.0012016464429659528,0.0022587741600518093,0.004086668415164829,0.004215129504836025,0.0011427684435333272,0.0018439518913219203,0.0025745743388268256,0.0011374158981303601,0.0012391142607867214,0.005906533852173402,0.0017208433470536915,0.0010651565351903123,0.0010571277170858563,0.005984145760516418,0.002539782793707546,0.0010919192622051467,0.001579000893875084,0.0015522381668602494,0.019761597627751832,0.0030215118799745166,0.014585686223083438,0.0011507972616377723,0.001651260256815132,0.0016994331654418236,0.005162530041161074,0.008941427095655341,0.007105504022437866,0.005780749035203696,0.003519298602450398,0.007723723016480488,0.002443436976454152,0.021228195068164684,0.001297992260219347,0.04156251505403399,0.013167261691297259,0.007485534746048486,0.0018198654370085742,0.012268034063598984,0.006404320574649274,0.060740685232862454,0.0296450727143293,0.00415357523270191,0.001884095981844167,0.0025638692480208923,0.0011293870800259047,0.003765515690986845,Control
0.027368806769413362,0.002821916553318686,0.01065636942611732,0.0011022800368820714,0.0415062701512125,0.012841014774734616,0.0034571962855054683,0.009475426224904954,0.0021010035030001595,0.032878215481309016,0.07076299286455395,0.17744318826783723,0.043598312027896574,0.021080732304273153,0.009864759101527263,0.008201879551759363,0.01627232191754906,0.0012028493988740189,0.0033396994071386364,0.01844203122230612,0.002057191107676926,0.002110960865573614,0.022003779814832855,0.0014637322982986852,0.003400439318836743,0.0017505043404143453,0.0011918963000432184,0.0025182169948281415,0.0,0.0028119591907452305,0.0022862104468665155,0.0011620242123228327,0.004621211970342992,0.0014517834632105289,0.002976255673207331,0.03473128065623007,0.0017584702304731198,0.0,0.0012516404754839797,0.003821635755694119,0.0030579060463097043,0.007847397444144179,0.005827048577989057,0.0017335768240394616,0.0,0.001777389219362695,0.00126259357431478,0.002989200244552823,0.0027332960264148942,0.0,0.0018739756363252604,0.004120356632897935,0.0019446729105968218,0.006719228264571104,0.0026466669720257843,0.009898614134277032,0.002771134004194044,0.0018361376585461105,0.0012755381456602821,0.002333010050961785,0.0039978810732443654,0.004007838435817831,0.00111821181699961,0.0018918988889574896,0.002495315060909185,0.00117596451992568,0.0012436745854252052,0.00571751758968099,0.0017843593731641132,0.0010813695754778056,0.0,0.006155641542913249,0.002602854576702561,0.0011520668497493776,0.0015782419678934804,0.0015802334404081714,0.019983430948677723,0.0029394134316855273,0.014504890060759808,0.0011679986298669055,0.0016379861433342415,0.0017574744942157638,0.005186790164515548,0.008766462009674575,0.007201164613126596,0.005622922645233116,0.0033705672311163575,0.007683100961682077,0.0025301658299162985,0.02145413340077787,0.0013611714637920469,0.0417422596442035,0.013059081015093354,0.007343554897927076,0.0018192101421712263,0.012076289329092814,0.006440422112514218,0.06102767947648168,0.02962116218353009,0.004320499620624484,0.001779380691877386,0.002617790620562754,0.001171981574896298,0.003795746613003125,Control
0.027478234905867923,0.002798032498349942,0.010679039507181694,0.001108684036835656,0.04158861614859978,0.013041770122890265,0.0034682716786623453,0.009575069931168868,0.002087720401043469,0.033036584215985175,0.07073262721186782,0.17660055944935113,0.04359697645912558,0.021110569821164823,0.009687431247446336,0.008245591979130655,0.016169029135367927,0.001187258383882825,0.0034274130181978207,0.018350253009397494,0.0020162177452305373,0.002140365213565073,0.022128893358896156,0.001475626237545967,0.003464342961309989,0.0018174246472011787,0.0011754722318257557,0.002665241851840208,0.0,0.0028616777194581506,0.0023053713423641445,0.001230474274758776,0.004606813967375932,0.001431624603199551,0.002899393406040795,0.034672502121507354,0.0017655655781500495,0.0,0.0012076877141150924,0.0038980733570103997,0.0030549706131942026,0.007775717383788543,0.005777571738378857,0.001709777791746554,0.0,0.0017671370650909903,0.001189615614294241,0.002984253700851746,0.002737530251123615,0.0,0.0018928560203664662,0.004163654650029858,0.001944715089417606,0.0065688154131439145,0.002636955086903227,0.009758933903259269,0.002770531476883427,0.0020091460539962895,0.0012344029921111325,0.002260583964547253,0.004021435081874471,0.004100795172392114,0.0010906119370148043,0.0018834270987208132,0.002478234905867928,0.0011770437187666963,0.0011676147971210326,0.0057249269258572415,0.0017679228085614655,0.0010505390200207445,0.0,0.006162586038910019,0.002597667913379643,0.0011408995191249927,0.0015620580192978592,0.0015762014017663543,0.019904453593990595,0.0030518276393123214,0.014319389005877347,0.0011754722318257557,0.001681491026809563,0.0017223496872740985,0.005233837256812396,0.008891473111858434,0.007137693685765464,0.005676210830687994,0.0034501995788415044,0.007675142219568156,0.0025623094572084153,0.021455511204701863,0.0013766225602665201,0.04196184429707389,0.013073985605179663,0.007576924285759183,0.0018944275073074176,0.012274884495709818,0.0065004557312128754,0.06081183015369143,0.029493666907627995,0.004253229405663641,0.0018472828990791096,0.0026047396046138807,0.0011291133670679237,0.003791997988496715,Control
0.027441366896811085,0.002755017059345034,0.010677538081293842,0.0010490825564838952,0.0412500335813879,0.012762270639121014,0.0035341052575020787,0.009408161620503454,0.002091448835397472,0.03311930795475921,0.07047255728984772,0.17672272519678653,0.043541627488380905,0.021077022271176454,0.009758751309674124,0.008352362786449241,0.016305778685221477,0.001188781129946544,0.003427988071891033,0.018390511243048652,0.0020766730247427654,0.0021411492894178306,0.021909840689896067,0.0014211643338795919,0.003468285737312954,0.0018308572656690805,0.0011014695215323836,0.0027402412486903266,0.0,0.0028020310023372627,0.0022889073959648574,0.0012304220508825142,0.0046342315235204014,0.0015232517529484492,0.0029753109636515038,0.03503747682884244,0.0017059345028611382,0.0,0.0012425113505090915,0.003929022378636871,0.003011578862531236,0.007828493135964329,0.005715552212341831,0.0016938452032345607,0.00107191790022298,0.001712650780431457,0.0011847513634043445,0.0030760551272063018,0.00285710447841388,0.0,0.001951750261934823,0.004213792547618406,0.001899363296886335,0.006755231980227278,0.002577707331488593,0.009695618300513131,0.0030303844397281217,0.001990704671842674,0.0012680332052763062,0.0023977110926040332,0.003996185154340056,0.004099615828922982,0.0011229616097574089,0.001770410767536204,0.0024527845686806507,0.0011511699755527524,0.0012666899497622464,0.0056470461811245765,0.0017529484458533675,0.0011054992880745827,0.0,0.00607420143459689,0.002596512908685489,0.001187437874432474,0.0015702656959406783,0.0015796684845391263,0.020077640168712895,0.002984713752249952,0.014578352094135346,0.0012290787953684551,0.001660263815382958,0.0016723531150095354,0.005150041640920938,0.008920559868898264,0.007123283991080785,0.0057249550009402786,0.003452166671144188,0.007921177766434738,0.0024554710797087802,0.02118716922332967,0.001434596889020229,0.041596593504016385,0.013100771028665078,0.007539693200440593,0.0018402600542675284,0.011972436396851431,0.006371060903205014,0.0601791902855761,0.02952072643258198,0.0042769255567794125,0.0018160814550143736,0.002620691507938644,0.0011189318432152197,0.003783950783117963,Control
0.02761415578907688,0.0027317953240388513,0.010551542609409771,0.0010542117982860662,0.04181572162345919,0.013047722269719385,0.003501921950628421,0.009553878570418789,0.002080149716924611,0.03307236093626932,0.07075874975596949,0.17683561431735445,0.04353100365540867,0.021047883834745876,0.009731600099631763,0.008336755370354158,0.016165927282274294,0.0011188378089089655,0.0034763408214235217,0.018476307162042963,0.002101691720465581,0.002181127858522889,0.022379448928621946,0.0014971692460971993,0.0032865019152187526,0.001748941412482246,0.0011700000673187628,0.0026577446868667775,0.0,0.0028004604603256897,0.0023628885133998015,0.0011888493204171102,0.0046571118905127645,0.0014608171151218104,0.0029229806054649377,0.03495863262132528,0.0017502877877035518,0.0,0.001200966697408896,0.003923337394898584,0.0030360761240550115,0.0077928197809447475,0.005751714945438137,0.001727399408941276,0.0,0.0017879862939002471,0.001249436205376081,0.0029983776178583166,0.0027843039576699647,0.0,0.001906467313375566,0.004107790800218109,0.001945512194793567,0.00657435020565881,0.0025931186762438783,0.009864891246541491,0.0027910358337765156,0.0018889644354985243,0.001265592708031806,0.002171703231973715,0.004008159033841136,0.003998734407291963,0.0,0.0019091600638181888,0.0025459955434980206,0.001122876934572894,0.0012696318336957344,0.005645351302954615,0.0018593441806296972,0.0,0.0010649828000565459,0.006163705763159138,0.002489447784202978,0.001206352198294141,0.0015779517593758237,0.001604879263802028,0.020183510942664552,0.003019919621399287,0.014425064121119895,0.0012319333274990398,0.0016587342726544479,0.0016802762761954073,0.005252209738331973,0.0086652709243539,0.00707924091365022,0.005699206311807033,0.0034386423152268277,0.007664914134920255,0.0024921405346456003,0.02148410940645044,0.0012925202124580105,0.04189650413673786,0.013159471413088132,0.00750604185880563,0.0019495513204574955,0.012278942018351112,0.006423556180872042,0.06079691949349364,0.029732004012198127,0.004206076191373774,0.0018526123045231463,0.0025352245417275296,0.001160575440769589,0.003779275246218365,Control
0.027457393037971872,0.0027835597068342406,0.010797203595627951,0.0011219869928552886,0.041557981038200194,0.013066427777850971,0.003531734007842926,0.009509443573495634,0.0020123308785751017,0.03304592022694437,0.07058582651578019,0.1773881196727578,0.043632339573425376,0.021030120190935433,0.009694428708814724,0.008257363176869939,0.016124995059744105,0.0011785254763504503,0.003426341883269432,0.018264125838196744,0.0020255048941467805,0.0021468156208694004,0.02202530728391318,0.0014491417128855053,0.0033906622577627877,0.0016983501741165744,0.0011867592360827472,0.002629862858497892,0.0,0.0029542729919506726,0.002243425068395099,0.0012076180940712544,0.00461913920982254,0.0014365166146293052,0.00294329464564094,0.034956152484838875,0.0017356765515696858,0.0,0.0012026778382318725,0.00382924719283685,0.0029861101962489127,0.007689233755340962,0.00574002836804686,0.001693409918277192,0.0,0.0018026444640590908,0.0012361617944765693,0.002986659113564402,0.0026968307709873073,0.0,0.0018213076527856412,0.004184945613272382,0.0019019984981622246,0.006717101189613595,0.002562894946008487,0.009809152427751494,0.002780266202941316,0.002003548201527305,0.0012669011641438413,0.002305452725045121,0.003978003785333806,0.004074613232859504,0.001086856284664124,0.0018855309786976098,0.002443230971232335,0.0011648025434632717,0.0012153029364880726,0.005751006714356602,0.0017554375749272144,0.0010681930959375737,0.0,0.006225271274937308,0.0025392915014425537,0.001158215535677432,0.001587468876388208,0.0015567295067209469,0.019905388611502664,0.0030558226953157535,0.014356932386560712,0.0011938951611840758,0.0016577302927705381,0.001693409918277192,0.005269057311359069,0.008807378326987846,0.007194659254087237,0.005804800611274318,0.0034647660953535213,0.007679353243662196,0.002460247408012438,0.021446748433390006,0.0013453963402584679,0.041859336644402556,0.013041177581338591,0.007410383759073598,0.0018652210380246024,0.012158518538035618,0.0065392519793958355,0.060758559816617694,0.029679959248378514,0.00425575594697019,0.0017691605078143829,0.0025870473078899196,0.0011516285278915823,0.0037672195361868263,Control
0.027807507828913475,0.002457684227216866,0.01016767748840528,0.0012090220795179809,0.04090855036270663,0.013140682601974108,0.004320767431719981,0.009672176636143816,0.001882903238593572,0.033971538431046146,0.07079716177111822,0.17568478217782535,0.043742815237642195,0.021722757363142612,0.009176675783882352,0.007789273397550243,0.016430808260990255,0.001070281840884769,0.003448685931739805,0.019185792999563907,0.001962183374955401,0.001942363340864944,0.02301105957902244,0.00136758235224165,0.003369405795377966,0.0015856027272366912,0.001189202045427513,0.0025369643635787054,0.0,0.002695524636302375,0.0023387640226741214,0.0014072224204225645,0.004796448249890988,0.00136758235224165,0.0025369643635787054,0.03438775914694577,0.0019027232726840295,0.0,0.0,0.003765806477187144,0.002953185079478341,0.007789273397550243,0.005747809886233002,0.0017243429658699025,0.0011099219090656837,0.001803623102231732,0.0012684821817893527,0.0033099456931065933,0.002933365045387873,0.001189202045427513,0.0017639830340508173,0.0038450866135489735,0.0017838030681412748,0.0063225908748563075,0.0027153446703928317,0.00971181670432473,0.002695524636302375,0.0018234431363221893,0.0012288421136084382,0.002239663852221825,0.003448685931739805,0.004142387124905854,0.0,0.0015856027272366912,0.0022198438181313673,0.0011099219090656837,0.0012090220795179809,0.005688349783961631,0.0014468624886034792,0.0011099219090656837,0.0,0.0061243905339517235,0.002457684227216866,0.0012288421136084382,0.0014666825226939365,0.0017243429658699025,0.02092995599952432,0.0032703056249256787,0.014805565465572608,0.0013081222499702675,0.0012288421136084382,0.0014666825226939365,0.005133388829428783,0.00887937527252547,0.006798271693027314,0.005668529749871173,0.0030919253181115425,0.0078090934316407,0.00265588456812146,0.02071193562452927,0.0010901018749752264,0.04217703254449598,0.013774923692868788,0.007848733499821616,0.0020018234431363265,0.011753280215641992,0.006302770840765849,0.06189796646450228,0.030879613112934568,0.00455860784080549,0.001882903238593572,0.002616244499940535,0.0,0.0037856265112776013,Control
0.027250342491259957,0.0027489578560837033,0.010683620830389953,0.001088599348044091,0.04145630067309599,0.012866838043951756,0.003540392903866976,0.009412961328768298,0.0020718746402995434,0.032971695664636196,0.0707243511473928,0.17699557112345385,0.04353946003365858,0.0211708875282024,0.009855322363080614,0.008337151330355676,0.016064175451821407,0.0011397567465700053,0.003364351267763097,0.018432462077697526,0.0020651038081416955,0.00213205981503591,0.02205711422619546,0.001451215025830723,0.0034222794984468483,0.0017604163610388252,0.0011359951731489896,0.00261278889824267,0.0,0.0028873837579773626,0.0022403931295613805,0.001194675718516946,0.004601156608595495,0.0014474534524097076,0.0029648721704504397,0.03495178791346279,0.0017468746967231412,0.0,0.0011758678514118357,0.003853355812496104,0.002936284212450661,0.007860183820569942,0.005789813809638809,0.0016919557247762008,0.0,0.00177696728409133,0.0012172451590430824,0.002971643002608276,0.0027647564644520026,0.0,0.0018755205077221324,0.004188135846967153,0.0019364579971427047,0.006677545137000269,0.0025300342829801567,0.009739465901713101,0.0027624995203993866,0.0019876153956686292,0.0012729164456742282,0.0023547449615604825,0.004068517812178625,0.004004571064021232,0.0011119211032544428,0.0018326385707224757,0.00246984910824379,0.0012179974737272876,0.001181134054201262,0.005773262886586305,0.001727314514933826,0.001072800739675802,0.0010509836138338606,0.0061373831937413465,0.0025586222409799348,0.001161573872411947,0.0015888886130401773,0.0016249997178819974,0.019859603033633697,0.0030167818836605593,0.01427818039151957,0.0011322335997279635,0.00161822888572415,0.0017002311863024585,0.005162383363012153,0.0087637137562997,0.007248551982311585,0.005763482795691647,0.0034433443096045734,0.007884257890464489,0.0024615736467175427,0.02120549400367578,0.001350404858147305,0.041841485791408735,0.013120368092528692,0.0076141769188350274,0.00177696728409133,0.0120821738283263,0.006423262773739107,0.0608419454556808,0.029419265725821903,0.004284432126545351,0.0018559603259328172,0.002610531954190054,0.0011284720263069373,0.003780381288128249,Control
0.027601443636626814,0.002787746929354824,0.010760512397871931,0.0011254216824885899,0.04141899628767935,0.012971522792033199,0.0035305476809076035,0.009507737414324046,0.002039335900222334,0.03312083471953938,0.07070296217045932,0.17763934106167753,0.043842075174353394,0.021303346025651326,0.009831450430672956,0.00827964765212688,0.016117205430973065,0.001140569431953781,0.00340543849088021,0.018452202959645843,0.0020202609564513407,0.002107781286694724,0.02212749580210982,0.0014525008653853168,0.00353952412503514,0.001773408742944379,0.0012022824853305293,0.0027086420154810004,0.0,0.002887048842515583,0.0022794557806336546,0.0012353831230507823,0.004678410473715013,0.0014698927258824028,0.0028763893151141496,0.03486226488027952,0.0017739697707023448,0.0,0.001209014818426171,0.0038795069463651846,0.003026183726492236,0.007765185198068045,0.005885742208867266,0.0016982310233763474,0.0,0.0017251603557589244,0.0011820854860435939,0.0029964492553198096,0.002740620597685311,0.0,0.001857562906639936,0.0042026589349561305,0.0019013230717616224,0.006649300987464956,0.0026194386019637093,0.009782641015729536,0.002813554206221459,0.001967524347202128,0.0012611903999174172,0.002315922584901733,0.003991151470201295,0.004070817411833084,0.0,0.0018379269351109669,0.0024898411898725474,0.0011714259586421605,0.001232016956502956,0.005796538795349974,0.0018109976027283895,0.0,0.0,0.0061628899213046415,0.0025885820752753405,0.0011568392369349246,0.0015501196952721682,0.0015613402504315672,0.01994790296239483,0.003036282226135704,0.014449830934285106,0.0011826465138015595,0.0017167449393893643,0.0017111346618096646,0.005195117038805732,0.008771668995866906,0.00716825166358756,0.005724727242329769,0.003399267185542544,0.0077472323098129936,0.0024954514674522576,0.021414990549487426,0.0013520768967086162,0.04183583991185137,0.013018649123702658,0.007558726983134943,0.0018659783230094854,0.012174302347957308,0.006518581519857864,0.06076996571559375,0.029825357669221387,0.0042385647114662325,0.0018132417137602733,0.0025644578816826132,0.0011686208198523,0.0038615540581101327,Control
0.027195177740103892,0.0028336158876241277,0.010644223782998303,0.0011221441834180987,0.04180996205699521,0.01302440730873764,0.003486181749683814,0.009555717015150296,0.002081483275476984,0.03297274023842199,0.07064933667016496,0.17784370711229497,0.043522779257824044,0.020804068781787362,0.009905546137079202,0.008358225020855209,0.016034283253949025,0.0012270929199967738,0.003391996986087563,0.018579962864293205,0.0020922472484594078,0.0021433761201259407,0.022336589435160547,0.0015150291972767117,0.0035655660504292116,0.0018029654745566602,0.0012069104706547245,0.0027138666881946103,0.0,0.0028282339011329104,0.00218374101881004,0.001149054115874175,0.004680982750733304,0.0014383358897769227,0.002907618201878318,0.03472323134468939,0.0017020532278464034,0.0,0.0011894190145582734,0.003895212723016069,0.0030381313742902493,0.007806571405505779,0.005766798525335702,0.0017612550792497524,0.0010750518016199736,0.0017585640860041437,0.0011503996124969742,0.0030879147493339835,0.002855143833588976,0.0,0.001902532224644118,0.004212749925997691,0.0018783132854336504,0.006750356556605044,0.0026169909313527614,0.009659320255106173,0.0027515405936331104,0.0019402061300826182,0.0012755307984176983,0.002327709157450014,0.0040485993380156675,0.004080891256962951,0.0010750518016199736,0.0017989289846882526,0.0026048814617475277,0.0011571270956109905,0.0012392023896020076,0.005511154167003047,0.00174645461639891,0.0,0.0010965797475848322,0.0062148489007292675,0.0025698985495546467,0.0011059982239444573,0.0016388148865746366,0.0016105594574957614,0.019765345388983085,0.002965474556658868,0.014421032803207685,0.0011840370280670563,0.0016657248190307021,0.0016455423696886532,0.005194962460644224,0.00886547724765211,0.007210516401603842,0.005577083501520412,0.0034754177767013796,0.007755442533839246,0.0024555313366163463,0.021256155647049385,0.0013293506633298398,0.041734614246118296,0.01311455558246546,0.007236080837437098,0.0017626005758725517,0.012143107020801352,0.006532386103710889,0.06018675493124512,0.029775840262640914,0.004294825219988697,0.0018554398428459924,0.0025685530529318368,0.0,0.003796991469551409,Control
0.027521740902723395,0.0027688768302176437,0.010884618864352876,0.0010647996715127802,0.041167282911605735,0.013014218207378478,0.0034737722243376808,0.009584191254326057,0.0019804677363711074,0.033137042998619075,0.07089816001423706,0.17657977596455834,0.04320740329063861,0.02118762446275335,0.009826778667817301,0.008305636279941901,0.01631102092515282,0.0011592496890605994,0.003396223788877368,0.018117501787093798,0.0020232187969453906,0.0021455067144020364,0.0218557340605653,0.001501258173654807,0.0035125464420678377,0.0017398687443019331,0.0011900702211025231,0.002703258923289679,0.0,0.0029190026475831255,0.002224049360573379,0.0012198965424334073,0.0045773461135806175,0.0014972813308106905,0.002867303690609579,0.03489977858927464,0.0017368861121688352,0.0,0.0012208907531444362,0.003862508612350289,0.0030462616185949263,0.007748878281765276,0.00577934686321549,0.0016404476731989577,0.001057840196535576,0.0017746661191879736,0.0012228791745664948,0.0029776610795338746,0.002790749465860295,0.0,0.0018939714045115314,0.004121997607929026,0.0019526298364622814,0.00666817123887602,0.0026624962841374647,0.009737299703824627,0.002793732097993382,0.0019198208829982989,0.0012556881280304767,0.0023324183280756168,0.003940057047810602,0.003990761794073108,0.0011274349463076463,0.0018104577047850323,0.002499445727528604,0.001191064431813552,0.0012556881280304767,0.005822097923789775,0.001737880322879875,0.0010717591464899838,0.0,0.006156152722695737,0.002497457306106546,0.00117018600688193,0.0015817892412482077,0.0015261134414305455,0.019826549999353776,0.0030343310900625667,0.01444985847410529,0.001150301792661337,0.0016324939875107245,0.0016484013588872013,0.005259374661346975,0.00878683426408026,0.007158317119413652,0.005723671063397839,0.0034011948424325133,0.007717063539012334,0.0024745904597528547,0.02137652449784899,0.0013491439348672668,0.04164649247432205,0.01314247138910131,0.007377043475840185,0.0017965387548306247,0.012220838059976777,0.006440496986050225,0.06105149713219924,0.029726900259787293,0.004125974450773144,0.0017975329655416535,0.002610797327163928,0.0011294233677297148,0.00390724809434662,Control
0.026618533798794006,0.0028959060615677545,0.010532370675975839,0.0,0.041276578863852775,0.012773722627737204,0.003867819739765151,0.010790225325293563,0.0021421770866391575,0.03185496667724534,0.06977943509996824,0.1766304347826087,0.04448984449381145,0.02106474135195178,0.010135671215487151,0.008529038400507782,0.016125833068867078,0.0,0.0028959060615677545,0.019775468105363375,0.0019041574103459227,0.002320691843859097,0.02300856870834651,0.0015074579498571832,0.003728974928594093,0.0017851475721992996,0.0012892732465883837,0.0029157410345921897,0.0,0.0028959060615677545,0.0019239923833703578,0.0012694382735639483,0.004542208822596008,0.0015669628689305001,0.002638051412250084,0.03332275468105365,0.0015272929228816292,0.0,0.0,0.003907489685814033,0.0029355760076166253,0.007279435099968268,0.005276102824500158,0.0018049825452237354,0.0011900983814661962,0.0015867978419549353,0.0012694382735639483,0.0032132656299587417,0.0027372262773722607,0.0,0.0018446524912726166,0.004462868930498255,0.002122342113614722,0.006386861313868612,0.002677721358298955,0.009461282132656306,0.003054585845763248,0.00200333227546811,0.0012297683275150776,0.0022810218978102158,0.004205014281180574,0.004244684227229455,0.0012694382735639483,0.0018644874642970517,0.002122342113614722,0.0011107584893684547,0.001071088543319584,0.0060496667724531895,0.0016661377340526768,0.0012892732465883837,0.0,0.006109171691526496,0.0027173913043478256,0.0011305934623928903,0.0018644874642970517,0.0019041574103459227,0.020092827673754362,0.0030347508727388128,0.014082830847350064,0.0011702634084417608,0.0015867978419549353,0.0016463027610282416,0.005236432878451287,0.00936210726753412,0.007438114884163761,0.006109171691526496,0.0034116153602031054,0.007061250396699458,0.002300856870834651,0.02136226594731831,0.0012496033005395127,0.04145509362107267,0.01287289749285938,0.008429863535385593,0.0019834973024436637,0.012991907331006013,0.005752142177086638,0.062321485242780104,0.030426848619485844,0.0047008886067915,0.0015074579498571832,0.0027372262773722607,0.0,0.00400666455093621,Control
0.027477642450222894,0.00272985561774277,0.010867793995931055,0.0011568005188661704,0.041673859696392285,0.01302166943900817,0.0034833086753585335,0.009372181609614515,0.0020183506960970484,0.03303415707640852,0.07036477131005643,0.176440313449379,0.043472789373569104,0.021064417816341427,0.009907827038155056,0.008331545159588453,0.01606936285621627,0.0011374398407261576,0.0032493671478332955,0.018178063383633498,0.00204900510315208,0.002226477986102263,0.022214764775827553,0.0014681847589514913,0.0033752115557434295,0.001795702897486819,0.0012342432314262526,0.0026443459559576847,0.0,0.0028702205342579093,0.002308760868197343,0.0011922950954562108,0.004623975295774697,0.0014827052675565058,0.002912168670227961,0.03476855115978533,0.0017311673036867592,0.0,0.001239083400961261,0.0038334142717238906,0.0029412096874379904,0.007734590916937857,0.0058533783576659405,0.0016924459474067129,0.0010519301789410722,0.0016940593372517156,0.0012471503501862644,0.0029637971452680088,0.0026975878208427354,0.0010599971281660756,0.0018941196780319265,0.004273869699409341,0.0019070267967919389,0.006773010569316879,0.002520114937892563,0.009773915681019919,0.002787937652162829,0.00203125781485706,0.001218109332976235,0.002258745783002298,0.003925377492888986,0.003917310543663973,0.0011003318742911143,0.0018279706943868537,0.002479780191767514,0.0010938783149111136,0.00116809424778119,0.005695266152855782,0.0017279405239967534,0.001114852382896129,0.0,0.006082479715656171,0.002537862226187573,0.0011422800102611557,0.0015520810308915737,0.0016246835739166477,0.019510723395604803,0.003062213925813106,0.014163949449269337,0.0012019754345262174,0.0016553379809716798,0.0017214869646167527,0.005351614115870437,0.008757480078668887,0.007392552269797502,0.00575334818727584,0.0033316500299283855,0.007616813458252736,0.0025185015480475603,0.02139193595487675,0.0013939688260814144,0.04156253579708719,0.013205595881338445,0.007440953965147556,0.0018505581522168825,0.012231108414957425,0.0065552029402416575,0.06071024647756662,0.029575049248725074,0.004227081393904291,0.0018295840842318567,0.002587877311382629,0.0011261461118111382,0.0038882695264539436,Control
0.02750844968602777,0.0028073570210554286,0.010669238803364676,0.0011026260845037677,0.041795248845349305,0.012858217868262849,0.0035347154623090295,0.00950793091919368,0.002066191097527184,0.032993472019630356,0.07054735818482895,0.17700501901980653,0.04358529029738355,0.021082052935914527,0.009808243658667205,0.0082913931059241,0.01626324162206353,0.0011647597547396703,0.0032851945326315165,0.01821700036392574,0.002046466122849115,0.0021736922095226276,0.022162488423905537,0.0014443612708012219,0.0034311593452491956,0.0017984245662724609,0.0011825122319499238,0.002597779165100999,0.0,0.0028975987802075647,0.002237798377226335,0.001234783414846792,0.0046107128309974005,0.00144584064390207,0.0029104200137483062,0.03495758637319849,0.0017732752235579345,0.0,0.0012101271964992113,0.0038961756232845425,0.0030825204178144138,0.007747970053543445,0.005789280068011716,0.0017067034340194657,0.0,0.001727414657431437,0.0012550015138918067,0.003029262986183643,0.002756072086892463,0.0,0.0018605582365083637,0.0041703527713096355,0.0019221987823773098,0.006600469651647082,0.0025800266878907457,0.009910813526993136,0.0027930564144138287,0.00195474499059612,0.0012461252752866748,0.0023137395297368815,0.004059892913112474,0.004088494126395665,0.001066628005716294,0.0018788038380855734,0.0024937299236742084,0.0012076615746644504,0.0011953334654906651,0.005721228905372398,0.0017777133428605002,0.0010710661250188597,0.0,0.006147288358418575,0.002582492309725496,0.0011524316455658748,0.0015375617761550651,0.0015607386214017977,0.01986946011758055,0.0029853749175249504,0.014424380857701074,0.001159828511070148,0.0016638016140946752,0.0017062103096525199,0.005198023952036749,0.008823474297864871,0.007090635272396976,0.005689175821520545,0.0033857919034896438,0.007756846292148577,0.0024769636951978576,0.02142280187347812,0.0013151626866599046,0.041845054406411446,0.013210801790633187,0.007540857819423777,0.0018196289140513778,0.01204949390646216,0.0065595403291901075,0.06076870198817888,0.029473057163962917,0.004266018898498241,0.001824067033353944,0.0026308184976867547,0.0011218579348148798,0.0038305900824799864,Control
0.027397663682292617,0.00284831604186114,0.010703614190489938,0.0011211092475418816,0.04159609796453957,0.012956790381334612,0.003465371284399461,0.009503746504666266,0.002033337419640707,0.03326071577038426,0.07072576243304683,0.1774455008728488,0.043769146005132334,0.020988096518123677,0.009757143219138164,0.008289496843156344,0.016212595734306005,0.0011567217587649583,0.003308539263820913,0.018224702618409867,0.0020792227706396744,0.0021833208803686715,0.02212016346142647,0.0014738100798473615,0.0035146809153237257,0.0017703527213779825,0.0011724734464213164,0.002661350357939982,0.0,0.0028928316808899805,0.0021620903448318356,0.001199867685823682,0.00458785024391146,0.0014381975686242848,0.002898995384755522,0.035065996147000275,0.001714879386588187,0.0,0.0012074011016593399,0.0038454663561073065,0.002975699255082142,0.007717642095631925,0.005851409536345647,0.0016655697556639327,0.0,0.0017463827619009133,0.0012060313896892232,0.002971590119171792,0.002735314804326369,0.0,0.0019086936303599384,0.004186524636666778,0.0019134876222553522,0.006591054000209567,0.0025990284632995933,0.009732488403676031,0.0027688727475942763,0.0019210210380910104,0.0012642441484192518,0.0023319346291265186,0.003918061090523576,0.004115299614220626,0.0011224789595119984,0.0018600688554207372,0.0024668512581831775,0.0011628854626304888,0.0011937039819581515,0.00577949965791444,0.001766928441452685,0.0,0.0,0.006243147159799502,0.0025243791609281425,0.00120945566961452,0.001582017325486708,0.001569689917755647,0.01994232142893837,0.0030496637014685393,0.014420327621406093,0.001192334269988035,0.0016361209483063866,0.0016826911552904073,0.0052028509184946095,0.008831217927338151,0.007208109242747888,0.00573087488297523,0.00342085564537061,0.007817631069450562,0.0025086274732717853,0.021240808376610572,0.0013094446434331558,0.04184538554310105,0.013073215898794692,0.007503282172308403,0.0018415777438241356,0.012283576948021497,0.006658854742730424,0.06092410357487977,0.029626869913660172,0.004290622746395775,0.0018812993909575726,0.002538761136614384,0.0011135758317062346,0.0038701211715694386,Control
0.027467925691786587,0.0028088341830446203,0.010685028371034529,0.0011217244402497038,0.041789512328791904,0.01304833893567345,0.00351066580527075,0.00955275007180393,0.0020678025131753656,0.03304488631609262,0.07087594767999796,0.1771050614046133,0.04361457608540781,0.02101424092500054,0.009711057956516594,0.008229748463848136,0.016084834933876253,0.0011805245117144016,0.003383265650430563,0.018441360874884776,0.00210624871374844,0.0021763564912640407,0.022342519462446673,0.0014624633159169573,0.003463927286927006,0.0017662636851512473,0.0011330321463006072,0.0026369570510708716,0.0,0.002840495759987157,0.0022057565269963946,0.0011699706527335595,0.004606759445138404,0.0014843248809487022,0.0028872342783308907,0.03491668859105227,0.0017670175322213085,0.0,0.0012280168771282068,0.003907943211192519,0.00299051132692915,0.007815886422385038,0.005836284016406722,0.0017263097904380515,0.0,0.001721786708017686,0.0011940937589754873,0.0030689114222154207,0.00278244953559251,0.0,0.0018816022868704703,0.004174051226923794,0.0019192946403734838,0.006627823439970026,0.002617357027249309,0.009776642651611836,0.002731941781898471,0.002012771677060962,0.001271740007191697,0.0022803873869323603,0.00397955868284824,0.0041408819558411475,0.0010606628275748235,0.001832602227316554,0.0024696030015174887,0.0011413244640712664,0.001219724559357537,0.0057299915795282295,0.0016931405193554032,0.0,0.0,0.006255422987360246,0.002514833825721111,0.0011315244521604853,0.001540863411203217,0.0015936327061074381,0.019763608635770497,0.0031081114698585555,0.014515325334010742,0.0011940937589754873,0.0016049404121583517,0.0017315867199284777,0.0052588371607405465,0.008881072332380216,0.00723014724894819,0.00568702229653479,0.003401357980112004,0.007796286398563464,0.0024907107194791834,0.021433379895954025,0.0013539093378282718,0.041990789496498045,0.013052108171023756,0.007404285922132121,0.0017964175679536624,0.012265091829880849,0.0064868540378687535,0.060656042951190675,0.029737005372668105,0.004176312768133978,0.0018657714983992021,0.0025834339090966005,0.0011556475584024132,0.0038061738567343804,Control
0.027389642432532637,0.002790971732331691,0.010713542750155979,0.0010965154401228157,0.041508949355746276,0.012930398290202923,0.0035057115263704094,0.009563567097796155,0.0020216095475290366,0.03305235730481497,0.07064476502493448,0.17712646710511815,0.04346838235208661,0.02113944631490626,0.009748353483572027,0.0083229415203387,0.016239701645528584,0.001143002581198511,0.003365669013879893,0.018349055671837925,0.002055312724808906,0.002148287006960286,0.02208197310021586,0.001394614232270671,0.003501062812262846,0.0017142133271660345,0.0011964627934355507,0.0026712673440617866,0.0,0.002894986710488546,0.0022284773253158515,0.0012104089357582613,0.004753891264252661,0.001466669300937995,0.0029095139420747,0.03485605837855176,0.0017856873065699157,0.0,0.0012144765606023815,0.0039310688672129675,0.0030797730962644097,0.007780785237543474,0.005765567671912349,0.0016683072753537929,0.0,0.0017740655213009866,0.001242949934511235,0.002995515153064724,0.002767147072530401,0.0,0.001867039803452366,0.004143166448370797,0.0019059727841032527,0.006581416997790698,0.002668942987008005,0.009716393574082485,0.002790390643068248,0.001994298352147069,0.001270261129893203,0.002271477930810858,0.004008353739251297,0.004086219700553081,0.0010843125655904547,0.0018164850375325507,0.002468467191119092,0.0011790301155321624,0.0012249361673444146,0.005782419260552285,0.0017769709676182218,0.0010738529588484218,0.0,0.006072963892275341,0.002548657509474657,0.0011586919913115499,0.0015817249751003259,0.001586954778471342,0.019741926636318356,0.003081516364054748,0.014363364413861077,0.0011633407054191236,0.0016665640075634541,0.0016985239170529956,0.005282101404725189,0.008763407182030855,0.007167736064607829,0.005798689759928776,0.0033976289233694336,0.007782528505333812,0.0024661428340653113,0.021295178237509805,0.0013312755025550516,0.04190292787636283,0.013174455780850356,0.007552998246272603,0.0017967280025753915,0.012112805696534307,0.006481469644477963,0.06089060064872802,0.02968203957682756,0.004227424391570484,0.0018333366261724963,0.002561441473270472,0.0011453269382522926,0.0037695260519749517,Control
0.027588408736642422,0.0029324254351016372,0.010627023923547703,0.001081214501688893,0.04207346356199807,0.012759940868566666,0.003549495746239229,0.009290932554214986,0.002039014941150267,0.03361691738501696,0.07055796570698823,0.17742381193843282,0.044332477483640935,0.02079795239973275,0.009749710915973805,0.008317034628376106,0.016100169291898354,0.001180482334350161,0.0034126671120304525,0.0181955254353699,0.0019960883108102677,0.0019853566532252653,0.022335262348784246,0.0014112129724276833,0.003367057567294197,0.0017412114431664845,0.0012260918790864164,0.0026882802250428567,0.0,0.002889498804761638,0.0022509651784540516,0.0012314577078789176,0.004654856477494372,0.0014353592019939443,0.0028787671471766354,0.03443788919026964,0.001695601898430229,0.0,0.0011912139919351633,0.0038258359290530074,0.003122912357235416,0.007753622605163538,0.005709241835220759,0.0017009677272227304,0.0,0.0016607240112789762,0.0012207260502939152,0.0029619374934603997,0.002859986746402886,0.0,0.0018512109334127443,0.004094127368678049,0.0018538938478090006,0.0064980186677183705,0.0026346219371178544,0.009580687309010034,0.002798279715289127,0.0019612104236590147,0.0011992627351239103,0.002315355123964056,0.004045834909545538,0.003994859536016781,0.0,0.0017814551591102386,0.0024065742134365665,0.0011992627351239103,0.0012019456495201552,0.005832655897448277,0.0018109672174689902,0.0010785315872926474,0.0,0.006015094076393299,0.0025702319916078398,0.0011429215328026521,0.0015051149762964503,0.0016070657233539633,0.01979990824432764,0.003061205326121657,0.015002857303832022,0.001234140622275163,0.0015829194937877133,0.0017465772719589855,0.005432901652406982,0.009092396888892462,0.007402160819254743,0.005719973492805762,0.003439496255992959,0.007496062823123499,0.0024387691861915747,0.02158136340343791,0.001314628054162671,0.04208151230518688,0.012813599156491677,0.007488014079934753,0.0018538938478090006,0.012083846440711633,0.006377287519887097,0.06085654725014686,0.029576448304263942,0.004359735893906835,0.0018163330462614914,0.00268023148185411,0.0010838974160851489,0.0037453484971654988,Control
0.027350507404143756,0.002849070921890917,0.010832395111946206,0.0010943261340372716,0.04167805594156974,0.012878641621093614,0.003444499028009014,0.009660653766680119,0.002016618465343786,0.033116507025669324,0.07106716390807286,0.17699506645283467,0.04347198620671206,0.02101201751686407,0.00980783824234976,0.008454505660867851,0.016193159553706052,0.0011927676989332036,0.00330209326908189,0.01826807836330862,0.0020328661022683664,0.0021293961804672874,0.02221338690593383,0.0014565528631203446,0.0034502334881000457,0.0016993116736404108,0.001139246071416969,0.002723868543236878,0.0,0.0028710530189065184,0.0022937840364100023,0.0011707856019176023,0.004604771453093078,0.001466110296605387,0.0028519381519364327,0.03482346464609782,0.0017442316110201077,0.0,0.0012051923624637514,0.003917591985518577,0.0030641131753043603,0.007846652891219205,0.005815698275647852,0.0016639491697457564,0.0,0.001777682628217752,0.0011985021590242252,0.0030096358044396205,0.002741071923509953,0.0010599193734911225,0.0018742127064166733,0.004118298088704451,0.0018866373699472211,0.006644327758800961,0.002594843191188808,0.009605220652466873,0.002846203691845412,0.0019525836609940142,0.0012185727693428154,0.002307164443289055,0.003975892329777327,0.0040494845676121525,0.0,0.00180635492867288,0.0024782425026713068,0.0011631396551295703,0.0011822545220996556,0.005765043878177133,0.0017375414075805706,0.0010905031606432505,0.0,0.006154987164366828,0.0024877999361563497,0.0010924146473402611,0.0016257194358055857,0.0015511714546222657,0.01995974409016103,0.0030994756791990156,0.01444606071264044,0.0011488035049020116,0.0016677721431397668,0.0017117363371709586,0.0051151384011942965,0.00887598847755819,0.007200570387630392,0.005716300967403415,0.0033823757103562417,0.007756813016459813,0.002505003316429424,0.021522384464965277,0.001357155554875918,0.04216739653600383,0.013056409883915392,0.007449063658241469,0.0017834170883087735,0.012069127004910609,0.006412082125114453,0.06036952860826564,0.029813458013238953,0.004239677493964479,0.0017480545844141188,0.0026168252882044097,0.0011229984344923994,0.0038210619073196553,Control
0.02731767400569545,0.0028429288989150936,0.010596371350501711,0.0010933602862336512,0.041632238948222,0.012895502426913914,0.0034924118105969532,0.009662499471574553,0.0020089774679389856,0.03308711910133085,0.07099828213691411,0.17811396311398253,0.04334625893999775,0.021085136064748426,0.009679793395258394,0.008235750767658059,0.016292797657249777,0.001154849792665071,0.0034424515866214238,0.01835365689624025,0.0020233890710088507,0.0021819167047773544,0.022070889714727086,0.001494002851575856,0.0035077841872048,0.0017361177831495683,0.0012144177520205075,0.0027064990565203906,0.0,0.0028506150872190175,0.002301052623488227,0.0012173000726344828,0.00463381077373015,0.0013931216300868163,0.002968790232391909,0.034951980538571174,0.0017860780071250976,0.0,0.0011750260369628768,0.00399489637096619,0.0030216327769814026,0.007953283347488736,0.005780974378091287,0.001686157559174039,0.0,0.0017995288366569717,0.0011702221692729286,0.0029409277997901684,0.002733400715584128,0.0,0.0017870387806630894,0.004141894722278803,0.0019378802261276584,0.006608200394301464,0.0026574996060828534,0.009807576275811183,0.0027660670158758264,0.001876390719696238,0.001192319960646718,0.0023116211324061254,0.004068875933391491,0.004023719577105921,0.0011154580776074404,0.0018581360224744162,0.0025383636873719806,0.0011692613957349368,0.0012269078080143895,0.005658956138766449,0.0017735879511312153,0.0,0.0,0.006052873289342712,0.0024528548424907876,0.0011260265865253394,0.0015900802053749473,0.0016054525819828053,0.01964301498422405,0.003015868135753463,0.014538425176878448,0.001145242057285164,0.0016419619764264605,0.0017034514828578803,0.005241980423278395,0.008871782849808033,0.007078979427917004,0.005633015253240694,0.0034376477189314654,0.0076967568128451565,0.002555657611055811,0.021319564808018252,0.0012682210701479932,0.042005019080962464,0.013136656584949643,0.007487308181563143,0.0018754299461582467,0.012071158731317743,0.006606278847225479,0.060811200313596527,0.02968982387099499,0.004251422905609767,0.0018369990046386187,0.0026181078910252225,0.0011308304542152982,0.003715311271410841,Control
0.027466079660067925,0.002818705466371113,0.010718750719057561,0.0011083073194302771,0.04168177828813364,0.012766626527278191,0.003469555241696455,0.009515664770728854,0.0020451365414894834,0.032910646214936036,0.07052625696732495,0.17659833474496886,0.043776221630784096,0.020954294786737104,0.009807122750925042,0.008300526048783053,0.016011014043672722,0.0011795282544406227,0.0033106777712887544,0.018385410446248487,0.0020084303672918444,0.002182647731394073,0.021962892797152935,0.0014512635141724194,0.0034454496944621867,0.001756965681370687,0.001208564481791003,0.002597372714492797,0.0,0.0028751343610331657,0.002295505520718169,0.0012211651087543625,0.00463374360244255,0.0014644119944820253,0.0029184147753856023,0.034863195540912044,0.0017734012817576864,0.0,0.0011937724414426893,0.003937969852726064,0.0030077148708216547,0.0077839003432849056,0.005766156469107096,0.0016868404530528025,0.0,0.0017706620150265181,0.0011943202947889255,0.0029989492172819245,0.002800626305945416,0.0010716011452326381,0.0018774934175420416,0.004134649204023875,0.0019235130986256573,0.006570405181377801,0.002592442034376696,0.009700839201755757,0.0028198011730635837,0.001971724193094195,0.001208016628444767,0.0023042711742578994,0.003980154560386039,0.004122048577060504,0.0010885845989658733,0.001815585989417662,0.002475749271628971,0.0011658319207847913,0.0012008945349437335,0.005762321495683466,0.0017635399215254846,0.0010672183184627627,0.0010551655448456283,0.006148010251431809,0.002558475126910225,0.0011400828135118154,0.0015520685298793704,0.001589870410769481,0.019806542026378,0.0030575695253289,0.014514826555109158,0.00112309935977858,0.001631507265083221,0.0016879361597452742,0.005164613494942763,0.008818795314319896,0.007299597985214534,0.005726163174832053,0.0034410668676923208,0.007616805072683699,0.0025064290590180475,0.021417230864304335,0.0013307357780010542,0.04145113202936934,0.013023569746661632,0.0074256042548482264,0.0017914804421833934,0.012171109939922369,0.006531507593795231,0.060524646278486985,0.029587915670030066,0.004244767726616793,0.001802985362454292,0.002605590514686302,0.001131317159972085,0.003754986835084083,Control
0.027356205096612473,0.002868821751762833,0.010767655408386726,0.001150525728652416,0.04141726121596081,0.013058716772533877,0.0035065226983241613,0.009537208934473313,0.002102914609678737,0.03316211423671531,0.07140918589065844,0.1767047677719595,0.04355181112063868,0.020945895320473827,0.00970704051815283,0.008093640473197411,0.016225576303498995,0.001197146163387975,0.0032867406488565495,0.018221929919496546,0.0019730433986296873,0.002122894795993971,0.022414439014643774,0.0013736378091725736,0.003373321456222576,0.0017632514423197028,0.0011621808373363058,0.0026640248420316567,0.0,0.002912112155445846,0.0022477709604642017,0.0012704068465438387,0.004623748116451181,0.0014785337873275712,0.0029537375436025966,0.03475553409535541,0.0017848966441612094,0.0,0.0011888210857566208,0.003772925182527322,0.0031035889409668695,0.007835563066625594,0.005870844745627251,0.001571774656798679,0.0,0.00181486692363406,0.0012038062254930565,0.0029387524038661608,0.002767255804660381,0.001055619843655046,0.001919762901789057,0.004031002589099138,0.0018681474204747005,0.006676712260341823,0.002515838460193646,0.009861886962095922,0.002712310292293478,0.0019081077931051677,0.0012404365670709884,0.002380972202565788,0.00398438215436359,0.0040393276667304925,0.0011022402783905944,0.001866482404948427,0.0024692180254580866,0.0011804960081252768,0.001165510868388852,0.005754293658788365,0.0017116359610053354,0.0010922501852329775,0.0,0.005975740723782249,0.0023992873733547585,0.0011921511168091665,0.0015984149052189942,0.0015284842531156553,0.020008491579183958,0.00298537283860172,0.01424753785829051,0.001115560402600757,0.0016267201691655816,0.0016966508212689102,0.005146562991699896,0.008829577335808657,0.007131261499013482,0.0057692787985247984,0.0034648973101674215,0.007795602693995116,0.002474213072036895,0.021378799357303965,0.0013986130420666158,0.04207161231778491,0.013310134117000634,0.007391003921111563,0.0019097728086314406,0.012179588574663452,0.006441945071137787,0.06056160973701084,0.029176067066825444,0.004334035414880241,0.0017499313181095402,0.0026107443451910163,0.0011005752628643216,0.003649714033583364,Control
0.027295802018679722,0.002722887624184502,0.010636241051775784,0.0011067540502488677,0.04147910924269761,0.012962531479902424,0.003561938567094333,0.00959517341212398,0.002067262884451405,0.03319766404251518,0.07107269626603738,0.1768389716234706,0.04311755140891149,0.021101449562751624,0.009896339407880386,0.008324823018501255,0.016213389121338913,0.0011377382061908872,0.0033215015169842737,0.018258343413512065,0.0020251244323702647,0.002151539788613696,0.022205724880525142,0.0014562553292748214,0.0033673580677784573,0.0017871661147355676,0.0012170576454024428,0.002610105296555554,0.0,0.00291994685597573,0.002313896765749861,0.0012195363778778052,0.00462655416526205,0.0014364254694719325,0.002942255448253981,0.034875765928334926,0.0017586606912689102,0.0,0.001230690674016936,0.00401802534256083,0.0030116599575640973,0.007747278351742053,0.005833696880763055,0.0016446389974022915,0.0,0.0017958416783993361,0.0012294513077792547,0.0030178567887525036,0.00267950980586567,0.0,0.0018900335124630663,0.004145680065041941,0.001958198655535501,0.0066653116262467985,0.002581599873088897,0.009717870669654367,0.002820797556961275,0.002085853378016613,0.001214578912927091,0.002351077752880287,0.00400934977889706,0.004032897737412993,0.0010844454579706164,0.001821868369390631,0.0024712962779353115,0.001135259473715525,0.001257956731245912,0.00572463265184715,0.0017660968886949976,0.0010807273592575728,0.0,0.006040671042455732,0.0025741636756628095,0.001218297011640124,0.001593824981657383,0.001593824981657383,0.019869519522497006,0.003058755874595963,0.014547680897896082,0.0011612861647068197,0.001675623153344301,0.0016260485038370736,0.005060332348450295,0.008945745503579286,0.007066866287255352,0.0056539887762993525,0.003452874338178429,0.00781916159352753,0.002482450574074442,0.02147945626524418,0.0012641535624343182,0.04178771143588015,0.012981121973467645,0.00750312320291896,0.0018987090761268344,0.012134634833131755,0.006609540145551165,0.060715312617739756,0.029676624561264357,0.004158073727418742,0.0018987090761268344,0.0026646374110135063,0.001183594756985071,0.0037577584326478806,Control
0.02743105334942679,0.0028196400832874685,0.010577718218466278,0.0011192553174797385,0.04136363187309066,0.012872598409913573,0.0034234335801002704,0.009463693066021536,0.00204731904645956,0.032979677322062535,0.070836774103942,0.1770009885011915,0.04349870146624767,0.02116880241424422,0.009726944706114122,0.008286324803709005,0.016161209958001816,0.001192477627969066,0.0033653206352674673,0.018334634094748555,0.002056035988184472,0.0021443676643303354,0.022071877576945915,0.001467351857028207,0.0034321505218251917,0.0017439694744323425,0.001175043744519221,0.0026528559316173345,0.0,0.0028434663906689163,0.002258850165650945,0.001224439747627101,0.004583949088411291,0.0014435255496467593,0.002936447102401398,0.034859049957955336,0.0017631467462271616,0.0,0.0012331566893520236,0.003934246365180589,0.0030468616975837244,0.007790040254836887,0.005779913493070324,0.0016783018467712778,0.0,0.00178581079471196,0.001191896498520731,0.003011412801235711,0.0027545535850747394,0.0,0.0018706556941678438,0.004132992636508758,0.001963055276452001,0.006649864277217345,0.0026453012487890723,0.009706605175422642,0.0027359574427282445,0.001962474147003666,0.0012290887832137297,0.002294880191447284,0.004043498701466246,0.004114396494162264,0.0010704404438201833,0.0018218408205082884,0.0024878151682921857,0.0012035190874872977,0.0011971266635556843,0.0058322151434198385,0.0018259087266465825,0.0010867120683733685,0.0,0.0060879121006841615,0.0024971132394654327,0.0011332024242396038,0.0015568457920707194,0.0015917135589703986,0.019804891599018354,0.0030352391086171577,0.014292297652178905,0.00121223602921222,0.0016515698921481857,0.0016922489535311429,0.005269681837438341,0.008930797361904764,0.007169394004022575,0.0056927440758211215,0.0034164600267203317,0.007816772209459977,0.0025424413364350186,0.02160464950049014,0.0013383411194993965,0.042252759929032435,0.01315677071014598,0.007481460517774716,0.0018142861376800258,0.012099696243637359,0.006590007944039557,0.06072918960917306,0.029509753386095988,0.004243988361139409,0.0018369501861648244,0.002604622187406115,0.0011308779064462947,0.0038058167571000927,Control
0.027586686309057543,0.002732466893570151,0.010341665307562952,0.0011870991201028865,0.04109127562356124,0.013060763967798636,0.0034917825469692842,0.00945134096748579,0.0020934653401814304,0.03316658690287441,0.06984901917272027,0.17699273570200566,0.04363658725044853,0.02133570040184905,0.009574328714163105,0.00842198700072991,0.01651511546143136,0.001144320773432508,0.003486435253635498,0.01859521256827827,0.002042666053510361,0.0021175281601835236,0.022437242828611273,0.001478526606794803,0.003430288673630631,0.001724502100149458,0.0011550153601001026,0.0026763203135652842,0.0,0.0029089275735854413,0.0022137794401918647,0.0012325511134401582,0.00453183110039276,0.0015560623601348588,0.0029811160335916995,0.03505685509637166,0.0017672804468198365,0.0,0.0012325511134401582,0.0038179674403308887,0.0030426099069303628,0.007943404247355096,0.0057804240938343,0.0016202298801404158,0.001064111373425559,0.0017646068001529326,0.001243245700107753,0.002927643100253726,0.002641562906895607,0.0010560904334248576,0.0017485649201515407,0.004154846920360087,0.0018795736068295589,0.006686790313912855,0.0025987845602252284,0.00954759224749413,0.0027431614802377454,0.0019063100734985456,0.0012860240467781209,0.0023207253068678003,0.004034532820349664,0.004210993500364955,0.0,0.00179936420682261,0.002443713053545128,0.0011389734800987107,0.001205814646771172,0.0057429930404977285,0.0017084602201480662,0.0010614377267586554,0.0011175843067635215,0.006339216247216072,0.0023581563602043704,0.0011951200601035773,0.001561409653468656,0.0014999157801299924,0.01991064672839228,0.003034588966929662,0.014028624061215769,0.0011095633667628307,0.0015854724734707386,0.001737870333483946,0.005277778520457407,0.008895222460770923,0.007055753553944838,0.00580181326716949,0.003358100213624372,0.007705449694001142,0.0024517339935458187,0.021065662088492372,0.001382275326786462,0.041842570336959664,0.012723884487769415,0.007561072773988625,0.0017619331534860392,0.011849602027693655,0.006259006847209113,0.06055274971191463,0.029674804355905197,0.004515789220391368,0.0019330465401675321,0.0025025332802168874,0.0011122370134297242,0.0038206410869977927,Control
0.027708643130703,0.002784054418606844,0.010651795346091073,0.0010811175787991062,0.04150800592298545,0.012887047159338047,0.003456121700707088,0.009536132252791511,0.0020774416220061247,0.03301059448119706,0.0702663616193053,0.17671679430187395,0.04318974437889526,0.020994251312337012,0.0098423311313185,0.008255592840285098,0.016387135878500308,0.0011737623676867529,0.003453766324718419,0.01836094095700501,0.0020303341022327413,0.0021567392802913136,0.022101278027011454,0.0014862422488501888,0.0034270720635135024,0.0018065733833091831,0.0011996715035621091,0.002668640995162061,0.0,0.0028311619383802277,0.002221904682644494,0.0011651259890616342,0.004636950196359849,0.0014988042541230868,0.0028955422154038485,0.035017374823543085,0.0017657468661722488,0.0,0.0011988863782325593,0.00392955227442957,0.003049426779996896,0.00787716243143893,0.005693728889942701,0.0016581846960230238,0.0,0.001777523746115597,0.0011973161275734498,0.0029889721296210547,0.002786409794595514,0.0,0.0019628133238908906,0.004190999009171833,0.0019471108172997628,0.006639019786728555,0.00260190534214977,0.009766173974351531,0.0028272363117324375,0.0019887224597662577,0.0012342170180625945,0.002354590863339515,0.004161164246648698,0.004048106199192574,0.0010740514508330971,0.0017963667540249445,0.002477070414750308,0.0011596301117547348,0.0012004566288916691,0.005819348942671722,0.0017107880931033067,0.0010866134561059951,0.0010552084429237395,0.00618835784756321,0.0026089714701157786,0.0011839689969709917,0.0015686804084536071,0.0015820275390560654,0.0197875136808089,0.0029850465029732758,0.0143874216641202,0.001154134234447846,0.0016864492078870602,0.0016833087065688305,0.005179471799083293,0.0087934036910312,0.007162698381542652,0.0056521172474762165,0.0034600473273548676,0.0077272034934936715,0.0024794257907389773,0.021450409128809217,0.0013566965694733872,0.04168701449812439,0.013001675457453248,0.007424145116284914,0.0018277717672072,0.01222361625586289,0.006598193269591632,0.06039105522414543,0.029737406982276587,0.00422083377169498,0.0017971518793545047,0.0025885582115473117,0.001110167215992692,0.003805502472359669,Control
0.027603034068551347,0.0028444392668530616,0.010774244071657866,0.0011148001449725533,0.04141425908667283,0.012908382520451461,0.0034269182976079545,0.009735489800144973,0.0020661825618722147,0.03336795847571706,0.0702987470228849,0.17773538624831764,0.043491767629698606,0.021254012633323,0.009971717407062226,0.008258258258258256,0.01603597131614372,0.0011876100238169148,0.0034204463083773395,0.018205705705705674,0.0019318887853370568,0.0021923863518691147,0.0222523169721446,0.0014642875634254889,0.003451188257222738,0.0018283369576472964,0.0011681940561250922,0.002679403541472505,0.0,0.002829877291084189,0.0022943201822512105,0.0012248239618929276,0.004663068240654447,0.0014222196334265256,0.002850911256083666,0.0349843377860619,0.0017619990680335497,0.0,0.0012458579268924044,0.004025577301439372,0.002988441027234131,0.0078958268613441,0.005732564461012729,0.0016438852645749174,0.0,0.0017361111111111123,0.0011390701045873473,0.0030418349383866594,0.00274897742570156,0.0,0.001808920989955474,0.00413721911566739,0.001965866728797762,0.006729250802526661,0.0025159858133996025,0.009631937972455214,0.0028557652480066266,0.001991754685720199,0.0012490939215077112,0.0022571062441752083,0.004074117220668939,0.004104859169514338,0.0010743502122812435,0.0018299549549549501,0.0025693797245521415,0.0012620378999689302,0.00117628404266335,0.005779486382934654,0.0017361111111111123,0.0,0.0,0.0060205679817748785,0.0026065936626281433,0.0011536320803562199,0.0015192994718856811,0.0015306254530392464,0.01979781505643577,0.0029868230299264775,0.014631549653101386,0.0011665760588174384,0.0017377291084187656,0.0016455032618825712,0.005148467432950193,0.00868055555555555,0.00722921197059128,0.005811846329087705,0.003473840219529878,0.007957310759034896,0.0025062778295536904,0.021341384487936255,0.0012960158434296356,0.04169579061820442,0.013225509992751409,0.007568991405198294,0.001825100963032,0.012089675882779304,0.0065108211659935765,0.06065386507196846,0.029659508646577654,0.004224590970280624,0.0017166951434192791,0.002632481619550581,0.0010678782230506396,0.003824945635290457,Control
0.027655942496519235,0.002773078683468903,0.010787180124414309,0.001132260500516716,0.04170172995970876,0.012922162847846296,0.003517683893978195,0.009500433233572867,0.002055340671276948,0.03285282628533157,0.07067032700258973,0.17704620102613516,0.04349991316137689,0.021173271359662512,0.009820920527786919,0.008415190330111505,0.016112642648031035,0.0011975094107159788,0.0035042502948195208,0.01827353302698331,0.002041907072118274,0.0021666476357345274,0.022154883641042733,0.0014815340786422041,0.0035061693804136194,0.0017818709741182505,0.001175439926383875,0.0027442923995574563,0.0,0.002867113877579612,0.002268359172221617,0.001206145295889419,0.004704638333926647,0.001461383679904198,0.0029611490716903214,0.03449748263947197,0.0018423221703322793,0.0,0.0011802376403691195,0.003914934611956097,0.002994733069587001,0.007727198144628045,0.005801395750952585,0.0016811189804282092,0.0,0.0016926334939927857,0.001233972037003806,0.0029717040424578484,0.0027797954830482345,0.0,0.001859593940679149,0.004152901225624016,0.0019056519949374546,0.0065863017589379005,0.0025629388109153703,0.009716330362908683,0.002814339023741964,0.0020073635314245444,0.0012502842645536268,0.0023796661366791965,0.004008969806066806,0.004077097344657215,0.0010852429034613614,0.0018816634250112532,0.00245259138925485,0.0012253361518303762,0.0011869544399484514,0.0057697308386500026,0.0017732350889448207,0.0010996360454170742,0.0,0.0061986464689304755,0.002507285328686586,0.001153370442051771,0.0015074417341625038,0.001542944817653282,0.019846223671345097,0.0029928139839929036,0.014338448016289185,0.0011581681560370156,0.0016504136109226654,0.0016839976088193459,0.005182490646856583,0.008889204471853245,0.007207125948627998,0.0057793262666204805,0.0034706662969228408,0.007772296656089301,0.0025427884121773637,0.02122700575629721,0.0013318454023027108,0.04191954617463873,0.013195632545004972,0.007373126852517313,0.001868229825852579,0.012295581401373852,0.006387676399948953,0.06070451551244861,0.029546241806703902,0.004197999737085274,0.0018125763436237948,0.002508244871483634,0.0011495322708635755,0.003811303989874899,Control
0.027314068781217934,0.0027679173906643988,0.0107419280226786,0.0011000942391763506,0.04141075855846554,0.013100774749253087,0.003519154638268754,0.009537654572320444,0.0020979208123302288,0.0332025836444373,0.07031810022995885,0.1774506486828501,0.04358418540458804,0.020955313808811073,0.009782332352710667,0.008205307596289306,0.016229018402445193,0.0011736887278093514,0.0034627640560694396,0.018376639388917194,0.002075938042998299,0.0021294613074586614,0.022112754402766357,0.0014307915517350089,0.003474233327025235,0.001774869680408763,0.0012033176777784735,0.002622639958557698,0.0,0.002932310274364078,0.0022250385654235916,0.0011880253165040874,0.004625939285502647,0.0014642435920227434,0.002874963919585114,0.03490768192653162,0.0017911178142627998,0.0,0.0012243446745307627,0.003946384981371992,0.0030422241210237436,0.007757050256433778,0.005866532093887446,0.001746196503019281,0.0,0.0018369948980859693,0.0012224331293714619,0.003019285579112164,0.0027593154374475556,0.0,0.0018551545770993066,0.004047696874814815,0.0018628007577364998,0.006771648726815346,0.0025758071021548886,0.00974505722210434,0.002747846166491761,0.0019096336141393197,0.0012224331293714619,0.0023798737233267763,0.004033360286120079,0.004085927778000791,0.0011000942391763506,0.001817879446492981,0.0024391316232650314,0.001177511818127943,0.0012463274438627022,0.005832124281020071,0.0017442849578599906,0.0011211212359286394,0.0,0.006151352322622946,0.0025280184731724187,0.0011803791358668942,0.0015397496258150348,0.0016372384289392657,0.019828457937404502,0.003029799077488309,0.014508627759076475,0.0011794233632872438,0.001655398107952603,0.0016792924224438332,0.005251970325172949,0.008677459250636064,0.007265783150494031,0.0057155200263028635,0.0033184423965424,0.007663384543628149,0.002564337831199094,0.021434155871215377,0.001341904701827632,0.041603824619554725,0.013046295712213064,0.00761846323238463,0.001824569854550524,0.012172719574413599,0.006611078933434258,0.0604201193951106,0.0296107902901152,0.004281861156828903,0.001807365948116837,0.0025758071021548886,0.0011803791358668942,0.003795372913787399,Control
0.027653620832311234,0.0027857353717709375,0.010997417997513649,0.001089347264782066,0.04128709289803791,0.013147007829163768,0.0035175106336092785,0.009650286265493057,0.002195325785515012,0.03269704919941288,0.07051236741770656,0.17688588047947876,0.04303753258686709,0.021437688920673114,0.00932597677445107,0.008294838905497051,0.016240421436025835,0.0012515020103030586,0.003417723097904048,0.01862700666497582,0.002004066342079987,0.0022369039253921866,0.021932468785211483,0.0015508646174187493,0.003450985609805788,0.0016631255950871318,0.0012681332662539389,0.0026152649982745103,0.0,0.003001941699132268,0.002149589831650109,0.0012182394984013183,0.004586068828452757,0.0014469192677258015,0.0029271010473533427,0.03502542503253489,0.001679756851038002,0.0,0.0012806067082170912,0.003721243519007446,0.003222305840481305,0.007430013596051739,0.00561304888341906,0.001758755316804634,0.0,0.0018003334566818192,0.0011849769864995786,0.0030934136068620525,0.0027940509997463722,0.0,0.0018502272245344289,0.004062184266000311,0.0018460694105467117,0.006743974288078301,0.002669316580114838,0.009829072266964929,0.0028979963494393207,0.0020165397840431394,0.001247344196315341,0.0020539601099326074,0.0038418201246512634,0.004473807850784373,0.0010685581948434784,0.001767070944780069,0.002390743042937745,0.0011475566606101214,0.001114294148708371,0.00544673632391034,0.0017462818748414817,0.0,0.0,0.006124460003908343,0.002627738440237663,0.0012390285683399058,0.0015758115013450541,0.0016132318272345115,0.019778721139573633,0.003159938630665543,0.014697872446582529,0.001172503544536426,0.0015550224314064666,0.0018169647126326893,0.005421789439984036,0.0088436703518758,0.0071057041050097535,0.005766888000964618,0.0035798778434250407,0.0076919558772779615,0.00259863374232364,0.02120485133736087,0.0013679208019591585,0.04216023383545869,0.01344221262229172,0.007384277642186847,0.0017379662468660466,0.012219815309902632,0.0064487694949503386,0.06076229361650824,0.03020236080678229,0.0043740203150791435,0.0016132318272345115,0.0027524728598691973,0.0011392410326346862,0.003900029520479319,Control
0.02777285717294114,0.002831790878561261,0.010691682884016698,0.0010715219203654817,0.04153169413190004,0.012901619422666521,0.0035391192213690024,0.009597863397678326,0.0020303172572011903,0.03308711039648795,0.07056312502864626,0.17646913087804064,0.04345671732756239,0.020838314155362025,0.009734126300846194,0.00811755276780925,0.01590931332168076,0.0011495634012707136,0.0034102888401921112,0.018290197866122893,0.002167818914034211,0.0021071199844412596,0.021928417380704973,0.001497653181181346,0.0033619774472507685,0.0017602689581957792,0.0011768159819042874,0.0027165867877011617,0.0,0.002830552124896098,0.0022966492952111017,0.0011842485038952649,0.004605686127073833,0.0015112794714981382,0.002944517462091044,0.034891974486629534,0.0017094800579241208,0.0,0.0012313211431714346,0.0038971190306009377,0.0029457562157562075,0.007683988985002409,0.005700744367077399,0.0017008087822679805,0.0,0.001719390087245424,0.0012461861871533792,0.0029507112304168587,0.002707915512045022,0.0010591343837138628,0.0018890993393726701,0.0041312434733166235,0.001926261949327547,0.006596363266989821,0.0026856179460721004,0.009709351227542946,0.0028119708199186647,0.002010497198558583,0.0012722000141217901,0.0022272790899620096,0.003949146684537749,0.004049485731415914,0.0011285045889629546,0.0019522757762959577,0.0024973273889674096,0.0012164560991894796,0.0012090235771985128,0.005827097240923964,0.0017144350725847722,0.001078954442356459,0.0,0.0061256368742281,0.0025109536792842025,0.0011953972868817208,0.0015707396474259371,0.0016438261136705178,0.019869608789204986,0.003021320189331114,0.014469881562762122,0.0011371758646190949,0.0016413486063401918,0.0016463036210008436,0.005139588956758829,0.008712154527087209,0.007171144967625172,0.00572304193305032,0.0035465517433599693,0.007904487137401323,0.0024973273889674096,0.02160262516676719,0.001376255321995433,0.042048254410272726,0.013217501607282854,0.007510563471879674,0.00182468414878423,0.012070415713342542,0.006500979234772317,0.06072122715893087,0.02960621259738152,0.004130004719651462,0.0018544142367481191,0.00260881521883203,0.001087625718012589,0.0039033127989267424,Control
3.4167983259897853e-06,4.0759733737388306e-05,0.010059840729444705,1.4651331904466198e-07,0.0019521909672283052,2.7705940957918027e-06,2.26680494157907e-06,3.795899900861496e-05,6.624611036046135e-08,0.05342812434056593,1.4445433480730134e-06,0.6157101054812647,7.401644469340147e-07,1.8824577548923937e-06,6.582452167395084e-07,0.0008050552339539717,2.366260757015892e-05,6.670759240837491e-06,1.4714183419887502e-05,7.606261451361419e-07,1.4654626678095805e-06,0.004000656323840607,0.06983479796032589,3.5596649405938784e-06,1.85034146296623e-07,1.8065738206782094e-08,1.1299243876500759e-05,3.7813272136645063e-07,0.0,0.0023476447516590036,0.01891835646778978,0.0006623292835117905,0.005340155460357211,0.0002862600835016489,4.450942673882616e-05,0.0010407302107051555,1.7066672981187903e-05,0.0,1.2057307382267819e-05,5.817129042524086e-06,4.454408064968901e-08,9.320332001277665e-08,9.107041312817438e-07,0.0004784761816695075,0.0,2.1249050007319594e-05,9.670032125712723e-05,0.000792398446459495,2.7085404179028065e-05,1.4835646904478313e-05,0.00021548495442892475,3.962418432847217e-05,0.0029136979368898177,6.229438079147864e-05,0.001947992834587107,2.8038285198894335e-05,2.623514376039748e-05,1.2346714952115215e-06,1.2790526737589366e-07,3.3374904730996105e-06,0.0017500594383049984,7.411545854606072e-08,0.0,0.0003568382925788232,2.337703946162705e-05,6.869367122549435e-08,2.0767214071588255e-05,8.767011007510017e-06,1.6615932518299317e-05,1.4084438970652362e-06,1.7710415747375788e-06,0.024646378161482265,2.4680946399415236e-06,1.1227535166495708e-05,0.005498905152415022,0.00028959863485928923,0.03988319173096361,2.929813008775353e-05,0.025496076388003237,0.0019138813618714558,1.5294443433921682e-05,0.0011735594669341207,4.877216690482318e-05,0.003296089841993443,0.0003831304527860464,1.1698380360063357e-05,5.577415768709139e-06,0.0012638299210843958,8.338032718601106e-07,0.0008913514662173593,1.6862779896028263e-05,0.08316223962854195,0.0005130122622938398,2.4240660436970593e-05,0.00228595036581892,2.1378876929551535e-05,1.3466270971445304e-06,0.012427288855551251,0.00028134400165386806,0.0019994061492860154,3.330737159056597e-07,5.163786413080415e-08,0.0009344212793631533,8.3003046766444e-07,Treat
3.390185828676025e-06,3.9794248696118656e-05,0.00981360419672269,1.4570154480477546e-07,0.001964643733220639,2.7326174324802126e-06,2.172765046101277e-06,3.8476184086431444e-05,6.51871184910843e-08,0.053107122596321485,1.4355414304708997e-06,0.6172333355350027,7.363081163135904e-07,1.8993140381693217e-06,6.538923774914916e-07,0.0008014400425140817,2.36461812220697e-05,6.822162230579104e-06,1.5009986560932999e-05,7.53276385451364e-07,1.4983397238946435e-06,0.004043368959371128,0.06907171831682421,3.6248551445205277e-06,1.8572059331964043e-07,1.739728354648242e-08,1.1395108156605488e-05,3.7538236608643534e-07,0.0,0.002404317140165326,0.01805256320992953,0.0006750145663879223,0.005446350467834298,0.0002873879886020067,4.4952204417841126e-05,0.001035177495722153,1.6385334906280676e-05,0.0,1.180393037406908e-05,5.70582009918432e-06,4.4207218925248906e-08,9.26509878473571e-08,9.097909231378748e-07,0.0004590619487261713,0.0,2.2399098904942447e-05,9.888293861195291e-05,0.0007940225246747047,2.541835913976289e-05,0.0,0.00021533052546671025,3.9227465151867926e-05,0.0028107485032284546,6.456795339306631e-05,0.001971687872545357,2.748147983984326e-05,2.6430680821101392e-05,1.2737700407870077e-06,1.2622097277882052e-07,3.2861892189974123e-06,0.0017417382758835938,7.375619272148006e-08,3.5321354986229837e-06,0.00036629003139999146,2.3328823361615447e-05,6.539041746845206e-08,2.0596331639889874e-05,8.688271255468557e-06,1.6904474230043994e-05,1.361539942658724e-06,0.0,0.024341703785826594,2.4698146102404717e-06,1.097979669759481e-05,0.005515494705957483,0.00027523395826563655,0.04031407078506665,2.8455324183778496e-05,0.025663056532652828,0.0019269452608958353,1.5055040389137056e-05,0.0011668567388363469,4.973354721652861e-05,0.0032259763122041117,0.00037101452914581887,1.1825100373922178e-05,5.600647354308078e-06,0.0012493559808124388,8.43178125116268e-07,0.0008876871651508815,1.6990000151222017e-05,0.08334759146800007,0.0005094350525678987,2.4157203811428857e-05,0.002351462580110913,2.1292699901260807e-05,1.3394735177660877e-06,0.012545201512060613,0.00028481281149966636,0.002001467771368302,3.3227960203246264e-07,5.115064276600896e-08,0.0009194002417921958,8.144477219810867e-07,Treat
3.365849396598649e-06,3.9360284635097314e-05,0.009910558358865533,1.5001247971381044e-07,0.001965944058603691,2.696587081492164e-06,2.2249721780490313e-06,3.8351069013965576e-05,6.575394702358733e-08,0.053918049241374215,1.4513525594969643e-06,0.614704680240801,7.419954311061271e-07,1.8659922278318078e-06,6.556775004992423e-07,0.0007979433760907245,2.3601308196774413e-05,7.3982810973906045e-06,1.449753212035393e-05,7.553945879117206e-07,1.456109242791474e-06,0.003992399777291464,0.06811850929495543,3.762389695323055e-06,1.8179391189252488e-07,1.7242594095154024e-08,1.098721403769982e-05,3.6696595767220117e-07,0.0,0.002412054307978903,0.018610027698841704,0.0007065476078325552,0.005668646956708045,0.000268668887051588,4.6187962880799565e-05,0.0010443380971983428,1.739642222635799e-05,1.7316204547002655e-05,1.2233448963272227e-05,5.898505046510876e-06,4.3042316305575716e-08,9.428905979581161e-08,9.554682410264616e-07,0.0004968522130517225,0.0,2.0773204244249825e-05,9.677855928519799e-05,0.000774466004295336,2.479753168230856e-05,0.0,0.00022204299015161254,3.748878123048499e-05,0.002975437163848166,6.215914608365354e-05,0.0019006414313567574,2.7308628050069735e-05,2.7569768557561552e-05,1.2834912084579932e-06,1.14559111832101e-07,3.1551353219760185e-06,0.0017086410381046042,7.510863543926499e-08,3.4999672663649158e-06,0.0003574450216529232,2.360216348839217e-05,6.766307527850022e-08,2.0442069485461268e-05,8.667647678947617e-06,1.6201054032441606e-05,1.3650201878054986e-06,1.835779166036102e-06,0.025029053701801546,2.6012497639485024e-06,1.2004548670820175e-05,0.00543258080342357,0.00028114287589371494,0.04042375297158664,2.7696935386701652e-05,0.026301729161067666,0.0020139468645403234,1.5539786520913412e-05,0.0011761970128113745,5.1070198582641674e-05,0.0031804217296119205,0.0003693365468326909,1.1714192584265409e-05,5.49861656296505e-06,0.0012221954967734355,8.28401336310949e-07,0.0009042875959527952,1.8303471152705792e-05,0.08369655722149204,0.0005128951974647104,2.418216882720829e-05,0.002326265561596138,2.1332934881144292e-05,1.3463200364995033e-06,0.012526558825056705,0.00027587571913641163,0.00198883842238581,3.1675064914323406e-07,5.218790494744559e-08,0.0009598907896462771,8.275750459314015e-07,Treat
3.369395078066804e-06,4.1050686389761796e-05,0.009885878512806439,1.510917323725339e-07,0.001965282000967583,2.7441926853002803e-06,2.22966623743035e-06,3.764840561471213e-05,6.693865835191422e-08,0.05358286411486233,1.4386996000944032e-06,0.6145415738515205,7.432853127733745e-07,1.8842467797931507e-06,6.599972055666533e-07,0.0008074863796530975,2.34835994543542e-05,6.6703395978240215e-06,1.4633281114848154e-05,7.556435654977598e-07,1.4746744466700832e-06,0.0039295757753796765,0.06942650714149472,3.448990963249108e-06,1.8817482708149657e-07,1.706691186461518e-08,1.1908794417367298e-05,3.721192346612886e-07,0.0,0.002405720299031309,0.019156728475307423,0.0006932226979491932,0.0053227254003568964,0.00029186789299534034,4.653369618264887e-05,0.0010295150321344764,1.560154290086424e-05,0.0,1.1653240889097649e-05,5.609708750884476e-06,4.4621115950229896e-08,9.252080265824284e-08,9.107085366629477e-07,0.0004757863538131401,0.0,2.299112275710689e-05,9.614021647220924e-05,0.0007860050894650407,2.5977016148613458e-05,1.4860491062863956e-05,0.00020752436888992048,3.954690849973376e-05,0.0028354773768170154,6.431004538906619e-05,0.0019259762963402174,2.7695163210541966e-05,2.6552011587220264e-05,1.2210490063209411e-06,1.2850601117033037e-07,3.413089218770959e-06,0.0017244380521129873,7.639577819731124e-08,3.7218255695221217e-06,0.0003873601163207629,2.3447036218743565e-05,6.488315311741213e-08,2.0950918874915336e-05,8.648288592666438e-06,1.6559868631875624e-05,1.3594753819123242e-06,0.0,0.02387727853497815,2.626781810589647e-06,1.0797136569394211e-05,0.005629516373363983,0.0002643949654099944,0.0405525639333053,2.8877548694474376e-05,0.026157617912491618,0.0021252384523367048,1.5205434932046232e-05,0.001192074846339471,4.888738995799074e-05,0.0032373847424917663,0.00037916942582014504,1.1770377802071565e-05,5.738335327136986e-06,0.0012612955836035712,8.408957049439367e-07,0.0008800942444626668,1.7893735994152372e-05,0.08370471280948226,0.0005156176166091182,2.4345934374068865e-05,0.002349453969947196,2.122941960206075e-05,1.312612502924456e-06,0.01247760873583991,0.00028271886832475265,0.002011533025695808,3.4749875970777004e-07,5.1882052843795856e-08,0.0008963869198649638,8.49186759112413e-07,Treat
3.4336776429702096e-06,4.0226638088762205e-05,0.009981954852722066,1.5070096957267108e-07,0.0019641540309923307,2.7413671693606763e-06,2.213315680102299e-06,3.86089045065326e-05,6.581510484828894e-08,0.053959923257810086,1.4469369235043796e-06,0.6151502354715376,7.435647790828589e-07,1.8947253685287268e-06,6.557866320707351e-07,0.000804835540291137,2.3732037110485152e-05,6.66781535699566e-06,1.5153238083604922e-05,7.583813634396076e-07,1.5010072537710819e-06,0.004036231117312592,0.06948150199511402,3.6644967852277586e-06,1.8583416518070576e-07,1.8330064918126054e-08,1.119235382076261e-05,3.662390954757268e-07,0.0,0.002405468023453791,0.018729255401901894,0.0007071403808888412,0.005508427781089661,0.0002940933831909949,4.4948566206724014e-05,0.0010289573112040496,1.6913013163653516e-05,0.0,1.1955846073488783e-05,5.656190037514789e-06,4.3946065357566455e-08,9.449329024385433e-08,9.186770084064961e-07,0.0004840714094480849,0.0,2.2482256248834695e-05,0.0001013473196578941,0.0007895325954895326,2.636814548183606e-05,0.0,0.00021404889358497502,3.98620411658894e-05,0.0028004720451576264,6.382905883842692e-05,0.0019373287708936687,2.798318201317001e-05,2.6915868184878866e-05,1.2649370150808377e-06,1.223516213399199e-07,3.35684485503658e-06,0.0017290342660491865,7.453176151541493e-08,3.551718159512416e-06,0.00036827295473294857,2.374018301774204e-05,6.788138605939175e-08,2.0524403920827116e-05,8.712450866027502e-06,1.7228368659344885e-05,1.3769686929719172e-06,0.0,0.02417698223632661,2.4505230290449695e-06,1.145791634344998e-05,0.005528563981971532,0.00028116108203745765,0.039859247390935146,2.867521989768285e-05,0.026137282999587504,0.0019841465725883266,1.582863286268001e-05,0.0011592254807902258,5.0014275106126355e-05,0.003210246370052058,0.000384534423732697,1.1803650132876512e-05,5.549201879061945e-06,0.0012713836391156541,8.421781056955673e-07,0.0008892964000653889,1.7248550115318243e-05,0.08327642892883816,0.0005155659244339112,2.4297041237164387e-05,0.0023389259359804988,2.113666644411824e-05,1.3574523307574116e-06,0.012560523350530239,0.0002826304473226181,0.002018599632554318,3.3499706082262315e-07,5.168255033017674e-08,0.0009336827043506924,8.246194695932178e-07,Treat
3.422464568781341e-06,3.99563725860557e-05,0.009842260559143093,1.5917400877486957e-07,0.0019631497971305534,2.699340489272312e-06,2.279759086803066e-06,3.7915630666111374e-05,6.264933653946939e-08,0.05267326122701885,1.44412109551767e-06,0.6170919866886938,7.37484674710675e-07,1.907468482480575e-06,6.477039292050728e-07,0.0007914008559420198,2.3874063298323182e-05,6.938638949130462e-06,1.5056198764534765e-05,7.533239077099836e-07,1.5041486026404724e-06,0.003967062989603039,0.06983060059426816,3.7167162448057308e-06,1.85256623178575e-07,1.744528980520992e-08,1.0674519926095842e-05,3.7596537920453084e-07,0.0,0.002355389893623469,0.019193965823477276,0.0007621291317613384,0.005278916151000662,0.00027554719349071906,4.4701792349536254e-05,0.0010273171084064965,1.7024382569880223e-05,0.0,1.0758903482823938e-05,5.6325812426235175e-06,4.444108534463224e-08,9.539660121447147e-08,9.241970527244024e-07,0.00048205277876938726,1.0126026807363713e-05,2.232001699988519e-05,0.00010175279988186579,0.0007656964358863708,2.6791779261149727e-05,0.0,0.00021499839298998072,3.974465521890248e-05,0.0028434208257861983,6.244383197874272e-05,0.0020367318966204007,2.787178937307907e-05,2.6686299815239707e-05,1.2557196050593418e-06,1.2188080085411694e-07,3.409220519362755e-06,0.0017329388084315947,7.397802143241246e-08,3.6450496693162003e-06,0.00036588489330044194,2.364849177303062e-05,7.214064387344736e-08,2.264544272668344e-05,8.755427133458794e-06,1.6876711345606157e-05,1.431681068026093e-06,1.7391805868935415e-06,0.0240639401100425,2.3861052402844712e-06,1.0927670596279934e-05,0.005383802060547663,0.00026540109482564627,0.04017753315375199,2.8669313398348383e-05,0.02576027882706674,0.001987427067730958,1.6011779889143862e-05,0.0012675184587950877,4.957533957771806e-05,0.003312695517233419,0.00037207844753307275,1.1856402158875742e-05,5.697452818630107e-06,0.0012513135040134438,8.403934781368132e-07,0.0008909187793662966,1.903408216765815e-05,0.08326132018634119,0.0005152750050438503,2.399510841030642e-05,0.0023324706815987415,2.1456357763289076e-05,1.3418998705511001e-06,0.012592056936257447,0.00028131368224207267,0.0019620051468882075,3.1676216207183193e-07,4.9103044667721645e-08,0.0,8.592612779097903e-07,Treat
3.442125652042766e-06,4.0613730111976843e-05,0.009958166396867363,1.4961880970688413e-07,0.0019655959615202724,2.7551006298261186e-06,2.215100426650548e-06,3.831088131628109e-05,6.595149086835631e-08,0.05347817476855403,1.4495415218588054e-06,0.615728665352338,7.440964033976578e-07,1.8892955841713028e-06,6.593116056339795e-07,0.0007988711894650534,2.3732444459572732e-05,6.553098473528779e-06,1.5070345782371792e-05,7.52450927786796e-07,1.4860341433123287e-06,0.003972628939161177,0.06926463206017143,3.5050088375708537e-06,1.8346285700346451e-07,1.7754420389845253e-08,1.122924901820122e-05,3.7086102951776737e-07,0.0,0.0023774057848931314,0.018661521122517497,0.0007030233556556411,0.0054343663423084875,0.00028946421892834325,4.412512239555884e-05,0.0010299691157284149,1.7016229442464947e-05,0.0,1.1720202231089989e-05,5.684451654066291e-06,4.426721571418128e-08,9.46965339767841e-08,9.155961591300743e-07,0.0004713561003676201,0.0,2.2969754608540537e-05,9.720735428697631e-05,0.0008020407521493968,2.608319516134739e-05,0.0,0.00021430413910284533,3.984033093527388e-05,0.0027851762009709607,6.32964041170141e-05,0.00196190370512865,2.781239346351972e-05,2.6506250589474962e-05,1.2603847954742582e-06,1.2522695295973507e-07,3.3547716162904425e-06,0.0017336078692461606,7.40992263958343e-08,3.522365763153003e-06,0.0003607109831849724,2.3529193873021642e-05,6.846009179753276e-08,2.1064186861540927e-05,8.72129426724603e-06,1.7146802105467235e-05,1.3938117800318864e-06,0.0,0.02422899092118225,2.5172263390311036e-06,1.1077784729118467e-05,0.005566437190203566,0.000280122855935248,0.04003233939517436,2.8741654580074953e-05,0.026049397198624542,0.0019524898304747733,1.5548592710318554e-05,0.0011643353715372362,4.94974850909269e-05,0.003277169711296638,0.0003797774560832013,1.1714546953064876e-05,5.618012950068149e-06,0.001263152015240517,8.155744935297934e-07,0.0008913754599497069,1.697041450510332e-05,0.08346559208992244,0.0005121306222146859,2.4030867970596122e-05,0.0023759231913208024,2.1527122413637873e-05,1.3527349896718157e-06,0.012540782479562718,0.00028219363928065687,0.0020149616008651354,3.383046225005968e-07,5.0576167520553884e-08,0.0009218381311858885,8.332735418730444e-07,Treat
3.409565819946751e-06,4.087874428963787e-05,0.009863754889399817,1.5346302959768924e-07,0.001954387195698276,2.74784005753225e-06,2.2422579145427136e-06,3.8562475607480226e-05,6.753161411567408e-08,0.05312085448159686,1.4465949387913461e-06,0.6154697527528571,7.40318562696651e-07,1.8833169853659391e-06,6.601636111311513e-07,0.0008047148211471678,2.393044417966362e-05,6.806086234774342e-06,1.5170089007981785e-05,7.559003920737162e-07,1.477708615975466e-06,0.004041955370129581,0.06949847404764346,3.5920742398539648e-06,1.8443505060841526e-07,1.7956892864708813e-08,1.1310790474339092e-05,3.795742932126257e-07,0.0,0.002388588077851892,0.019018782535565763,0.0006907501537220344,0.005446244300981688,0.00027946964486115023,4.514642679458752e-05,0.0010387524656820229,1.6551567292361247e-05,0.0,1.1797276086138622e-05,5.77034393159122e-06,4.3657391205882846e-08,9.401595847962425e-08,9.250471499869093e-07,0.00047911289013261493,0.0,2.2882010121143458e-05,0.00010050521308461026,0.0007884563366850875,2.6369731457769948e-05,0.0,0.00021434954469255673,4.0190345429347574e-05,0.0027281421581651457,6.245259041476472e-05,0.001983624058126092,2.7933343926954477e-05,2.6474768123953933e-05,1.252080710084233e-06,1.2657408756480446e-07,3.369359707546561e-06,0.001754252502346405,7.360838005349447e-08,3.4526784320591116e-06,0.00037650393018030467,2.3622193400220343e-05,6.866800408429533e-08,2.075527767769647e-05,8.73554554950676e-06,1.6960657465919987e-05,1.3886019384898889e-06,0.0,0.024153556376836458,2.488719548227036e-06,1.0829833108128158e-05,0.0056597995872492,0.00027311283432042085,0.04019070849429911,2.974748951242357e-05,0.02573274030574693,0.0019190883430019112,1.5434861683457804e-05,0.001169193652041059,4.945015679030447e-05,0.0032532898869104604,0.0003803189891303896,1.1932868693628199e-05,5.543930366242869e-06,0.001272759091298741,8.386119893073989e-07,0.0008865508394438336,1.6982756373245077e-05,0.0838053981970314,0.0005122582669344363,2.422550733106874e-05,0.0023058743313185337,2.1456980782792603e-05,1.3556715301579819e-06,0.012519417016089903,0.0002824104258952163,0.0020042896434109667,3.3333118064254006e-07,5.0381909524064084e-08,0.0009234504448349787,8.311016135286893e-07,Treat
3.4233424189425624e-06,4.103597040949543e-05,0.010033356008756667,1.4203082469919283e-07,0.0019653986419035305,2.7270639058694433e-06,2.2215503540149384e-06,3.917710566040904e-05,6.746977227461833e-08,0.05321747434689295,1.4531046050291078e-06,0.6144103623389973,7.500479375289101e-07,1.8902175775541108e-06,6.651375792634361e-07,0.0007974122151203403,2.4059534022721695e-05,6.654123450592648e-06,1.5077210467203447e-05,7.525872631485317e-07,1.4657803498204712e-06,0.00425505725742035,0.06979665023192427,3.527378147785035e-06,1.849121030898847e-07,1.8022801113144307e-08,1.102582009392598e-05,3.592575465548093e-07,0.0,0.0023585035789465657,0.01891356107431967,0.0007292370030549986,0.0053935360304645475,0.0002903703936635995,4.249773510973829e-05,0.0010349281723408409,1.723409307344083e-05,0.0,1.2171123747540814e-05,5.683754924127471e-06,4.4740490883866856e-08,9.321966275804806e-08,9.16558583478801e-07,0.00046599090846916177,0.0,2.2750399831740813e-05,9.725423257678697e-05,0.0007896325974119768,2.5678435090965396e-05,0.0,0.0002193009518431452,3.98583850881003e-05,0.0028399557255177916,6.391885152554647e-05,0.0019693243567889384,2.771957655313977e-05,2.646923999465177e-05,1.2943946228449802e-06,1.3128876816456062e-07,3.2460642494614207e-06,0.0017396227112421764,7.346773905456753e-08,3.5570487476837537e-06,0.0003675369173489244,2.3733236822127617e-05,6.796447052497412e-08,2.154415833583812e-05,8.724003687525056e-06,1.687959432351247e-05,0.0,0.0,0.024416684193474546,2.4082233115037716e-06,1.1334870286171272e-05,0.0056930131006831175,0.00027702654292257803,0.03989657419039534,2.88052958595644e-05,0.026243260950475435,0.0019151046571424448,1.5897905477556955e-05,0.001164443575667525,4.87026744132363e-05,0.0032301942893426913,0.00037577278057939075,1.2051600390823485e-05,5.698361549879065e-06,0.0012793015920049516,8.464013112175812e-07,0.0008824568590087981,1.6744378932491133e-05,0.08358279105958737,0.0005147480120793103,2.399023886398784e-05,0.0023388997723990256,2.1319275368074202e-05,1.3405174449434184e-06,0.012588981160483726,0.0002821991843660569,0.002030340101276983,3.408575727235933e-07,5.030280377455704e-08,0.0008924207735882099,8.256031982517409e-07,Treat
3.441486805255429e-06,3.99703940099597e-05,0.010009014934677757,1.525578659466225e-07,0.001969334226476769,2.735733111008533e-06,2.258217054644029e-06,3.891978690339236e-05,6.789745791999429e-08,0.05376030899695026,1.4461964444727312e-06,0.6161083819553131,7.489841643707392e-07,1.909503206777751e-06,6.600049622690618e-07,0.0008004368429236836,2.369166637330704e-05,6.878259849756789e-06,1.5137009876978378e-05,7.593013492914109e-07,1.4755609878196979e-06,0.0040230341422729824,0.06923735881467384,3.592505341760847e-06,1.862298274072213e-07,1.7981003329399686e-08,1.1224961947857976e-05,3.7800664105567995e-07,0.0,0.0023618901313982167,0.01829285055945262,0.0007192947762547395,0.005423230937684891,0.0002891344960468398,4.365936626790293e-05,0.0010377144964928535,1.703122423418595e-05,0.0,1.0980941035948021e-05,5.8158881115443e-06,4.432311732869075e-08,9.366885132448902e-08,8.98591521684262e-07,0.0004883897659925186,0.0,2.2558161610072055e-05,0.00010410044048894406,0.0008118635187820491,2.671311276849562e-05,0.0,0.0002101622955025117,3.970363778487861e-05,0.002836574348341934,6.357462463818768e-05,0.0019506571255104327,2.7737855609352264e-05,2.6914071166539184e-05,1.2845244167764664e-06,1.237050340376935e-07,3.437024882692233e-06,0.00169972797449053,7.469640421013455e-08,3.485000329260632e-06,0.00036970001299488933,2.3863809767664762e-05,6.804948075296145e-08,2.1279661979600846e-05,8.64976960084551e-06,1.703122423418595e-05,1.3603193377128658e-06,0.0,0.02439317755359383,2.4991472930324395e-06,1.1160368177058228e-05,0.005606888417154126,0.0002787987456669775,0.03994212450183959,2.8952363489551707e-05,0.025936795319692722,0.0019294942945531422,1.558145293401506e-05,0.0011478442768734357,4.965825557367579e-05,0.0032315729919704123,0.00037582501890997573,1.1692143224630177e-05,5.5012424084638095e-06,0.0012748038849541151,8.189437535016637e-07,0.000894095204662091,1.733580939645359e-05,0.08318837154505464,0.000512319873647693,2.4517146340188125e-05,0.0023111004138868505,2.1550989384379104e-05,1.3692800778515421e-06,0.01254478158685587,0.0002813919968604002,0.002019737816858302,3.4645231033598144e-07,5.1708117438247465e-08,0.0009138115720342597,8.333923587016612e-07,Treat
3.4214903124257774e-06,4.053488958036868e-05,0.009890978456120277,1.643488146705005e-07,0.0019516571710738318,2.7338178611628996e-06,2.26599296365697e-06,3.857900839285085e-05,6.85866647724276e-08,0.05376677780463136,1.4392410580721024e-06,0.6151662254250269,7.457773252612124e-07,1.934891989476021e-06,6.514874278747277e-07,0.0007836390382350194,2.3719609051722024e-05,6.8293073369256955e-06,1.512745957980521e-05,7.465007639860371e-07,1.4606572021700487e-06,0.004181742465010871,0.06976604365740192,3.7466870395646793e-06,1.8527941952147855e-07,1.7256490241137045e-08,1.1590555753452833e-05,3.68156504167881e-07,0.0,0.002471827219152317,0.019411515806239493,0.0007035394119987725,0.005441649950508763,0.0002802285949646073,4.4770394360476864e-05,0.0010335689828486034,1.5855204682774324e-05,0.0,1.0661622323303679e-05,5.672490105183961e-06,4.343871583901848e-08,9.411413160969552e-08,9.150688140876621e-07,0.0004805490362951984,0.0,2.1825002832973367e-05,9.272277555567636e-05,0.0007921419386064815,2.5693454192991142e-05,0.0,0.00021312437615716865,3.795959789564344e-05,0.002858677203962067,6.373750058228449e-05,0.0019512067622546776,2.803188487447728e-05,2.6685723993377795e-05,1.2141824672075421e-06,1.2671804999996446e-07,3.3412320543910166e-06,0.0018163967013120218,7.754123320400739e-08,3.5901811060374543e-06,0.00036440815577434523,2.294887814936838e-05,6.860558657108205e-08,2.0890565144749095e-05,8.570880492695143e-06,1.5791868312536827e-05,0.0,0.0,0.024196759943451045,2.5497261064356582e-06,1.1294986025678149e-05,0.005701653733129589,0.00027492481820398933,0.039594684669964665,2.86280393473262e-05,0.02558872532247307,0.0019777616047613536,1.598187742324922e-05,0.0011823900445610818,5.083799317725772e-05,0.0032192577418690763,0.00038346445032343693,1.1747053194986828e-05,5.2584821671263095e-06,0.0012703415993075224,8.388171847736578e-07,0.0008915121303820039,1.7603067220077595e-05,0.0828745080786246,0.0005090814806817976,2.455901054056657e-05,0.00233142588293435,2.1809054856980555e-05,1.3567581833689056e-06,0.012599455110545579,0.00028362026592328914,0.002049425247912617,3.3805709941512583e-07,5.01910364300044e-08,0.000943819021483115,8.176551399045673e-07,Treat
3.411345265756429e-06,3.828374327949298e-05,0.00959198651840835,1.5359778136994084e-07,0.0019543413659744617,2.777674917146122e-06,2.3105067706841984e-06,3.893904071802729e-05,6.858685747301635e-08,0.05340929233823666,1.4354117195906919e-06,0.6136777085857157,7.442396263740408e-07,1.866928144793965e-06,6.731650158916166e-07,0.000732497560487148,2.4217056527386283e-05,6.907085811911425e-06,1.5252994180522192e-05,7.624241627252323e-07,1.352650036185911e-06,0.004089634122363971,0.06999167563511337,3.7008486026514896e-06,1.83677172433412e-07,1.9060042637992376e-08,1.2749585055357223e-05,3.7269217528438087e-07,0.0,0.0023991331591569545,0.01957260147123122,0.0006500892611634104,0.005567363360858879,0.00027492529392827205,4.399896150432999e-05,0.001026663951403548,1.5596004044460304e-05,1.8000692762957833e-05,1.2215881494900503e-05,5.91358469581504e-06,4.3855181529229685e-08,8.7295481188285e-08,9.238773037813847e-07,0.00046162869200169917,0.0,2.2538952476673477e-05,9.312487518280497e-05,0.0008153906710287194,2.6863079209659746e-05,1.59490757759395e-05,0.00021123921182010283,3.9078960704560156e-05,0.0029089884868024854,6.582343912300731e-05,0.0019805469298219656,2.903066906571624e-05,2.585497248435239e-05,1.337112927154074e-06,1.1483647936266965e-07,3.3356717621420165e-06,0.0018019660706549583,7.256235015232614e-08,0.0,0.00038275504727302613,2.5499170110714544e-05,6.8436056396322e-08,1.9170995878335168e-05,9.190408955832294e-06,1.713781433022438e-05,0.0,1.8874575043327232e-06,0.023930856253242587,2.3266601593040426e-06,1.1326375560805732e-05,0.0059918510190850646,0.0002759477674486769,0.03943733488060142,2.7871185934967094e-05,0.026059795163407666,0.0017818562633960951,1.4706498110365637e-05,0.001131517801024436,5.170994496870478e-05,0.003230728318449767,0.00038265796417390993,1.1685370172464092e-05,5.767213071897772e-06,0.0012685492746077683,7.513698582225023e-07,0.0008828118291434459,1.8312610486968625e-05,0.08466665145819696,0.0005229172124486059,2.4472324447254774e-05,0.0023211174692764837,2.023631790646654e-05,1.355304874997261e-06,0.012517612777617728,0.0002848791004927273,0.002064195920369904,3.48978225015878e-07,4.805794300826253e-08,0.0009074674560655165,8.651690756891548e-07,Treat
3.4604669579899618e-06,3.990448916727374e-05,0.009913915405418612,1.4791837619429782e-07,0.0019658711475581373,2.765476794972921e-06,2.236259132688256e-06,3.8254116761834945e-05,6.666822465803151e-08,0.05334622746641911,1.4444554220907284e-06,0.6157283960512794,7.428821317065101e-07,1.882123970654509e-06,6.586178552838531e-07,0.0007912275966134309,2.3783381214879314e-05,6.886972010714174e-06,1.5074033686461815e-05,7.594722302242506e-07,1.4787777777171666e-06,0.00416495707901055,0.06931640414532489,3.640534856353911e-06,1.886782480775506e-07,1.8678133020877357e-08,1.1177562885636984e-05,3.7441469153697627e-07,0.0,0.002404054236365748,0.018986139905291924,0.0007059458115433333,0.005396476978960046,0.00028962094966790246,4.46428132860822e-05,0.0010337040072599009,1.6776097873730913e-05,0.0,1.173676614809471e-05,5.715365792811698e-06,4.325903257849929e-08,9.266638529878396e-08,9.207220348824559e-07,0.00047288534657933005,9.994132725552114e-06,2.292640783551112e-05,9.880236180221329e-05,0.0007997908762726861,2.614600370165588e-05,0.0,0.00020838530766118294,3.9482351274920256e-05,0.0028466189898436467,6.314445211310125e-05,0.0019596837433709085,2.7451646197217777e-05,2.6380088788266102e-05,1.277218460864824e-06,1.3009378689839257e-07,3.375871809619101e-06,0.0017601388690012896,7.268888938852371e-08,3.5836853719176366e-06,0.0003614798958026092,2.3375996843435236e-05,6.777387427257039e-08,2.0626365774104028e-05,8.630388607027505e-06,1.67045718750445e-05,0.0,0.0,0.024160745713333875,2.5160003000754016e-06,1.0852444709789476e-05,0.005601527929678456,0.00027256139500597335,0.03976639272224796,2.978732727114788e-05,0.026198770844736017,0.002018189362438518,1.5742222074535867e-05,0.0011706369291426206,4.913185873407409e-05,0.0032456388110956203,0.00037288030807218215,1.191216560942554e-05,5.463110832150191e-06,0.0012751395094049872,8.284510385774805e-07,0.0008880615418621963,1.7373573381181447e-05,0.08317304130571947,0.0005083286789872392,2.4530980660394805e-05,0.0023850798520629146,2.1398363152293726e-05,1.3488532498484306e-06,0.012493342714940334,0.00028086308975113736,0.001981924419159225,3.447745287796885e-07,4.9407688456854825e-08,0.0009357938034203762,8.319556510821724e-07,Treat
3.47977159417222e-06,4.315983049295764e-05,0.010249204626456563,1.4516323571689136e-07,0.0019473873453098966,2.7028875869198986e-06,2.2292093662486385e-06,3.8763384031233125e-05,6.449203141473508e-08,0.053930356473820384,1.4304782492933056e-06,0.6149591324302208,7.459084436691612e-07,1.923062051234987e-06,6.575371288497798e-07,0.0008153183718581216,2.379945984633008e-05,6.534560183928886e-06,1.4536445735922804e-05,7.947738247660994e-07,1.398980170239764e-06,0.003983638414174109,0.06797693612626372,3.636465185139869e-06,1.9102332720955698e-07,1.9670663728000783e-08,1.0589733347530896e-05,3.4932621590634865e-07,0.0,0.002441652617112196,0.018216237091888195,0.0006892562295982801,0.005565888376128068,0.0003022659705369113,4.3949022730825925e-05,0.0010364861170523475,1.7213274430069048e-05,0.0,1.1739929104378835e-05,5.625964558599331e-06,4.4240951433364065e-08,9.114992033761826e-08,9.077313196202582e-07,0.0004648880728354467,0.0,2.3520874712895542e-05,9.75338456414778e-05,0.0007926462443495595,2.6414840484852453e-05,1.4945845429601834e-05,0.00021408006014342305,3.970158457257858e-05,0.0029767382728485723,6.480758160998338e-05,0.00192562021518548,2.7668657153840178e-05,2.7525374319050465e-05,1.442594490740012e-06,1.2390827719773224e-07,3.485183067721442e-06,0.0017969247775791338,6.965580419356032e-08,3.4264893219781556e-06,0.000369133047517075,2.3519520131407697e-05,6.143102016647479e-08,2.0756297742138052e-05,9.021651108138131e-06,1.7411584043318672e-05,0.0,0.0,0.025305178137307503,2.520625271538202e-06,1.1581281413779132e-05,0.005716628902289796,0.0002932571362581354,0.039994582783723524,2.8596246230598552e-05,0.026170600485466978,0.0019558886317802265,1.5150854452272724e-05,0.0012102923685752397,5.108455637310809e-05,0.0032812873090905547,0.00037951012943161815,1.218127561690148e-05,5.639151585280103e-06,0.0013195011147510368,8.394214290242019e-07,0.0009188654164952752,1.8744819292383382e-05,0.0831850993796201,0.0005188316989231381,2.465962188302934e-05,0.0023526585080434364,2.134115601522839e-05,1.3324321746919268e-06,0.012690862893981969,0.000275729686262304,0.0020203391832496007,3.3266361189121994e-07,5.080343393013736e-08,0.0009240522318108074,8.278186177609956e-07,Treat
3.434141365055819e-06,4.0135865866553784e-05,0.009959929978681035,1.5432115938224166e-07,0.0019794686672693486,2.746045846649367e-06,2.25895590325744e-06,3.806743705531885e-05,6.551787353094308e-08,0.0534413105040212,1.43470582841742e-06,0.6153859868724242,7.465718060702386e-07,1.9027431023201184e-06,6.526990897638814e-07,0.0008025293716948703,2.3789937433751937e-05,6.946531022637967e-06,1.514922637998444e-05,7.573332706930631e-07,1.494007464135124e-06,0.004137537337630543,0.06955770590182862,3.54924738440392e-06,1.8470599951910145e-07,1.780716325265085e-08,1.0944404201742981e-05,3.6494323455976523e-07,0.0,0.0024435608977829105,0.018865588694950603,0.0007095618541812451,0.005412847701489899,0.0003039587544651757,4.346021640882579e-05,0.0010390535594018706,1.6768032125606282e-05,0.0,1.1455569035185575e-05,5.671306637152078e-06,4.337409541928304e-08,9.295656042193429e-08,9.100822043497013e-07,0.0004825405896061764,1.0122889290853153e-05,2.2821484118876183e-05,0.00010105000107206873,0.0008031166610587745,2.5886847636483026e-05,1.5148137554038606e-05,0.0002170269109542533,3.952399515725366e-05,0.0028504882326095974,6.174140952509564e-05,0.0019732626645451493,2.7724451659171168e-05,2.6452780130651556e-05,1.2275575953322494e-06,1.2764159798375377e-07,3.426241923051798e-06,0.0017222937088019277,7.42123700033862e-08,3.7652600266917924e-06,0.00036224089582690663,2.317584843054669e-05,6.5699955487889e-08,2.0330492659956006e-05,8.759246487209648e-06,1.6466809991613287e-05,1.3771519619387347e-06,1.7670002354765658e-06,0.02445855908062669,2.5022906431321145e-06,1.0743589445747719e-05,0.005523680334824864,0.00026996518358124964,0.03993266750538201,2.8579590955510684e-05,0.025862355318530317,0.0019037990436041475,1.5964773101625132e-05,0.0011926084673637327,4.980205948683058e-05,0.0032969865034818877,0.00037437287091982865,1.1763433960243067e-05,5.634341739528026e-06,0.001257657848336184,8.416315169007374e-07,0.0008817811621091843,1.6447136174595502e-05,0.08319662097218172,0.0005119643865360443,2.4156304884482244e-05,0.002329092905445351,2.1454579283278347e-05,1.332805772873762e-06,0.012514297018075373,0.00028311229417953373,0.002017846623236215,3.3176194920383205e-07,5.163061601514435e-08,0.0009079454701098987,8.374778239978745e-07,Treat
3.421309229323066e-06,4.0567468068963817e-05,0.009819555015753784,1.4748212670655648e-07,0.0019581277348052224,2.764526139307186e-06,2.30604581993702e-06,3.8143797798625276e-05,6.540238728374339e-08,0.05372085881926464,1.4360270605769264e-06,0.6140290236716299,7.426681152731329e-07,1.927938275458137e-06,6.480675602214176e-07,0.0008132686322798926,2.3900886331584886e-05,6.370632960422832e-06,1.5030625329224066e-05,7.513889320153661e-07,1.460525515886172e-06,0.003952912544600369,0.07037930218510503,3.5536945934107993e-06,1.892716007147484e-07,1.8555831599629876e-08,1.1538777059147639e-05,3.7460537100051413e-07,0.0,0.002423412979402259,0.018905068932545226,0.0007187246100988651,0.005501134395395978,0.0002842004792785839,4.4601306330263404e-05,0.0010387547690951522,1.5881668424815863e-05,0.0,1.1998426145294986e-05,5.858655576109144e-06,4.3968648177630004e-08,9.261174026174928e-08,9.225818241215156e-07,0.00046914582738318504,0.0,2.3050315634065747e-05,9.956266375561111e-05,0.0007720539523101801,2.6184147941912e-05,0.0,0.00021780387238657108,3.9038472385550396e-05,0.0027225541816786472,6.311457451857961e-05,0.0018974183399307796,2.779661298703893e-05,2.6501147311668813e-05,1.259364146619345e-06,1.2396225961027985e-07,3.361449603504375e-06,0.0017676849795697188,7.440166455116098e-08,3.5558945298234076e-06,0.00037027373070999204,2.4488201313713055e-05,6.873855508075071e-08,2.0637849436296695e-05,8.765071489120947e-06,1.7260615683257995e-05,1.392792723710092e-06,0.0,0.02397458583169817,2.46159232570172e-06,1.1665576807050402e-05,0.0055287697942602125,0.0002664546917829315,0.04005480980072054,2.933829167099213e-05,0.026490411070000466,0.0019162433502661138,1.5469569244132026e-05,0.001165875794116748,5.003835051611143e-05,0.0033222642996635536,0.00037472637572326015,1.1945841402982703e-05,5.658445191124904e-06,0.0012553403575173254,8.567184117124283e-07,0.0008764536867394036,1.7514311502430223e-05,0.08365673218259763,0.0005138233167795642,2.37449029021474e-05,0.0023515296340369226,2.1509072942196256e-05,1.3552352923361036e-06,0.012525020123612524,0.0002848397836949757,0.001969110054195113,3.387059362017656e-07,4.8850633676804356e-08,0.0008979812816009233,8.082622554270359e-07,Treat
3.4178144023588494e-06,3.9614801309133885e-05,0.00996922839642239,1.4583211623354874e-07,0.0019537384880351847,2.7076043888792278e-06,2.173019294527399e-06,3.821442889715225e-05,6.622874882120215e-08,0.05328805223076891,1.4413018859132822e-06,0.6162160511786262,7.374397892249726e-07,1.8949044180859493e-06,6.573173346046834e-07,0.0007979718217048031,2.3652725263747777e-05,6.5668258965257714e-06,1.5246800584097916e-05,7.51530584494345e-07,1.4343381123101089e-06,0.004092176054907243,0.06913789892090216,3.455122276606626e-06,1.8566963790898044e-07,1.800597650696939e-08,1.0988337305579484e-05,3.7618829622456934e-07,0.0,0.0023630745276233076,0.018877467592197942,0.0006991245703618522,0.005484041069952475,0.0002929667006698344,4.542915568472173e-05,0.0010311416535137518,1.6961191653735812e-05,0.0,1.1131228557927735e-05,5.750133892287854e-06,4.34755055540483e-08,9.305545414665832e-08,9.055791471435643e-07,0.0004715849805574172,0.0,2.2109277948952114e-05,9.579953176071117e-05,0.0007781560414047487,2.640630343395436e-05,0.0,0.00021869987877192444,4.015244190985479e-05,0.0027562783570302934,6.185762314155218e-05,0.0019231136820813258,2.7863820731738567e-05,2.70278803816692e-05,1.2508952561444743e-06,1.2291514428412903e-07,3.3856062124411804e-06,0.001758071860461716,7.542173145160647e-08,0.0,0.0003680247141201488,2.3548478386989563e-05,6.678640252271178e-08,2.0621749718933773e-05,8.787736032368477e-06,1.6139566952733468e-05,1.3512574172792522e-06,0.0,0.023806567806868892,2.4717624987089788e-06,1.0795434114909404e-05,0.005573518583356887,0.0002855513029419125,0.0400779904177699,2.7806637706967034e-05,0.025879978786685163,0.001983891825201131,1.5553712818105714e-05,0.001151488405919684,4.89759767423585e-05,0.003274121408751883,0.00037443827985355325,1.1713177091169599e-05,5.6202004498340516e-06,0.001278930866637384,8.172388120365333e-07,0.0008901372602826363,1.7257252023032574e-05,0.0835713324811451,0.0005089125645265125,2.412431700890222e-05,0.0023755854347908716,2.1223147770721498e-05,1.320186652190624e-06,0.012492898822941545,0.00028193158544569075,0.0019888682330330316,3.378981067350692e-07,5.20365186963758e-08,0.0009274832184355059,8.13668006699121e-07,Treat
3.391330687732388e-06,4.131155658772918e-05,0.009839116789448732,1.473737802418741e-07,0.0019619214379683614,2.7171136764556345e-06,2.250230707507945e-06,3.870135534682511e-05,6.679364892319183e-08,0.05332770870849153,1.4444756678257576e-06,0.6162968710946951,7.416105601985692e-07,1.8790380448852484e-06,6.552686330026056e-07,0.0007922901657178418,2.3874693716369934e-05,6.58177720677298e-06,1.5487291976324685e-05,7.583254803795017e-07,1.4835768384536392e-06,0.004118720229438849,0.069826355450426,3.510804975611469e-06,1.8458933131012512e-07,1.8298471600648547e-08,1.098471216951388e-05,3.669029388299106e-07,0.0,0.002414858164487406,0.018063837872032303,0.0007216798388625312,0.005467412271572528,0.00028544775691623084,4.487135092570086e-05,0.0010383992508856334,1.699980879428031e-05,0.0,1.140004026979541e-05,5.626110570717932e-06,4.414581496083931e-08,9.37181939642172e-08,9.24804496727171e-07,0.00048579986554306916,0.0,2.2342992836911616e-05,9.892165621217593e-05,0.000799062182350515,2.6387656026505105e-05,1.5132333437822317e-05,0.0002156526021760722,3.9248505476600925e-05,0.0027836081966031686,6.282911641154827e-05,0.0019394218759502804,2.786954671183596e-05,2.6946200713090516e-05,1.3027589310750256e-06,1.2940071487565687e-07,3.281183838728117e-06,0.0017050538013236585,7.426749012342164e-08,3.682505399250346e-06,0.0003587241266121327,2.3609254252208165e-05,6.511168078458756e-08,2.052801077980737e-05,8.850997227712357e-06,1.6212117569608573e-05,1.3843442112769205e-06,0.0,0.02384585934158521,2.4356857507904304e-06,1.0182699286211737e-05,0.005681971908904096,0.0002798794613281082,0.04031663586193307,2.9051484531758778e-05,0.025861819773600952,0.0019846116497248783,1.5137993172328776e-05,0.0011535885940607746,5.053397247735307e-05,0.0032824107031302293,0.000380165219852761,1.1931491298445318e-05,5.561505504994427e-06,0.0012748575438055272,8.434789537611531e-07,0.0008967009295937631,1.669082771032409e-05,0.08329681468758164,0.000514747568535583,2.4325297131366788e-05,0.002244221835731223,2.1317875127241956e-05,1.3618018409576893e-06,0.012507193995496158,0.000280439558471104,0.0019895346657129954,3.4580758781150477e-07,5.1323839832534544e-08,0.0009406761705142481,8.425452878086907e-07,Treat
3.433625291564579e-06,3.986269517484022e-05,0.009949899744713692,1.4674600795475816e-07,0.001963534984403894,2.7130261180334597e-06,2.2226046065725546e-06,3.80591653749662e-05,6.476168293535272e-08,0.053754464074265026,1.4507916396943629e-06,0.6153627961318793,7.401718255226817e-07,1.894249704352076e-06,6.493426728873289e-07,0.0008128384179755207,2.370286986435413e-05,6.688770576562374e-06,1.51678194526424e-05,7.596326010976501e-07,1.460632267987397e-06,0.0040405660775880824,0.06911220641839377,3.541515355907726e-06,1.877285322457541e-07,1.800604982524993e-08,1.0811161101544474e-05,3.6515550830325826e-07,0.0,0.002388147525756169,0.018804958806665197,0.0006872278704377823,0.005335119840069835,0.00029510348328602075,4.4643954846853406e-05,0.0010346888781868884,1.7233420378422142e-05,0.0,1.1419736395340016e-05,5.722841377075797e-06,4.328205750031925e-08,9.236916460768352e-08,9.095249398823463e-07,0.0004901742346333879,0.0,2.2551795930178175e-05,9.637329662708274e-05,0.000789770054706566,2.639784833204921e-05,0.0,0.00021527305325892538,3.9800824214228855e-05,0.0028485419385566126,6.352094125357766e-05,0.0019822857994463935,2.7944265288298533e-05,2.6762993508326534e-05,1.2535471976150788e-06,1.2409495052283128e-07,3.3818990421921497e-06,0.0017309994972151146,7.387318266422307e-08,3.5523529095129494e-06,0.0003641836971541926,2.377023500472025e-05,6.871099895494274e-08,2.0921229295246325e-05,8.584443175451833e-06,1.68109975274347e-05,1.35992965881588e-06,0.0,0.02430728388115617,2.396533052187025e-06,1.0553411565348701e-05,0.0056571460820250856,0.00028062581158579955,0.04013257095409641,2.9319009742267928e-05,0.02591861990766511,0.0020146732080761837,1.5651124614553725e-05,0.0011570581949959236,4.9559508042973906e-05,0.003229591737308158,0.0003724584750940346,1.1802911540064175e-05,5.496550327742123e-06,0.0012702471462273407,8.443522121813161e-07,0.0008811372611101488,1.7053512289127532e-05,0.08337373257163423,0.0005129909078032785,2.414625516496028e-05,0.002376769619808296,2.1514721046088543e-05,1.3883142518262923e-06,0.012517363292806947,0.0002814624935257713,0.0020029132290794453,3.3707466955353284e-07,5.1627447110730834e-08,0.0009423756342169685,8.252785599179409e-07,Treat
3.3980971374905056e-06,4.1506017627291024e-05,0.009990292126029553,1.470525935450521e-07,0.00197678236751791,2.7376158679361064e-06,2.2907147293932176e-06,3.894497394670963e-05,6.464513003241707e-08,0.05302760454115288,1.4525033547640717e-06,0.6154325879530617,7.376450335182814e-07,1.88739721317205e-06,6.745028798561154e-07,0.0008107234931001133,2.4359240072955732e-05,6.946327007679536e-06,1.4913078060416303e-05,7.610696380559739e-07,1.4653095723311174e-06,0.004077132431241611,0.06910761784086028,3.5594997303601716e-06,1.8507767875361094e-07,1.8484764509478867e-08,1.1494122784840437e-05,3.6280375114836713e-07,0.0,0.0024315424869226472,0.018561668224887976,0.0006931991434637863,0.005529681016298699,0.00029945251333976937,4.4828479687765554e-05,0.0010235791707017025,1.678078423145905e-05,0.0,1.1509998645040522e-05,5.612874250038854e-06,4.4210983833750606e-08,9.398254006914574e-08,9.391512659528367e-07,0.00045205553682020513,0.0,2.1718525499264957e-05,0.000101780083943072,0.0008046896408590549,2.6544438254493492e-05,1.4968024572321264e-05,0.00022007671036536355,3.832432652293498e-05,0.0027859638063682766,6.355106838082371e-05,0.0020264633852428763,2.838227380485545e-05,2.6703196856494052e-05,1.26461754965725e-06,1.272221666746047e-07,3.4176258274942423e-06,0.0017364253050696926,7.279574400184679e-08,3.5617032604783776e-06,0.00038013402848923253,2.4004300622484492e-05,6.682581813880536e-08,2.0813342653593357e-05,8.683495214978199e-06,1.7384066919061233e-05,1.392921661590965e-06,0.0,0.02468814445833445,2.43154906277749e-06,1.1001971118638761e-05,0.005667547458520879,0.0002852860937951075,0.04030553087749242,2.8259031156099505e-05,0.02631182089824209,0.0020652909225732994,1.646326702745793e-05,0.0011816549277875576,5.0929759521779346e-05,0.0032647650727854675,0.0003748992092138721,1.1722073672927048e-05,5.760601469840452e-06,0.0012443497978677728,8.230130805280161e-07,0.0009003615039959196,1.6285288468235844e-05,0.08283605479469061,0.0005239869806284701,2.4085912103573914e-05,0.0024151628036193627,2.165591326449004e-05,1.3259127895626878e-06,0.012570299012272346,0.000281987028873393,0.0019450846120498526,3.3677608754317816e-07,5.0806045397274516e-08,0.0009376644897909498,8.289453525899208e-07,Treat
3.387301469557693e-06,3.922225216375489e-05,0.009770158386881892,1.4572913191468345e-07,0.0019812313129274886,2.6927112088017684e-06,2.239301185264617e-06,3.82630286634187e-05,6.54320495705771e-08,0.05359278850346369,1.4470771125009154e-06,0.616310397889403,7.42037006358429e-07,1.8936255390290149e-06,6.641161043657872e-07,0.0007860574920199078,2.3535311233855122e-05,6.42888115508722e-06,1.4809322926116406e-05,7.464537618469651e-07,1.5148794906968439e-06,0.004255396030579528,0.06912230662917213,3.6248034503717433e-06,1.818312194757739e-07,1.7056614664108686e-08,1.1142551907854148e-05,3.7704106535593827e-07,0.0,0.002340420770215998,0.019044685189853312,0.0006979824736860779,0.00537843876211375,0.0003038046312335334,4.4935753361067996e-05,0.0010259092018753669,1.697461099153951e-05,0.0,1.1474457709364736e-05,5.578150991543197e-06,4.333475899372268e-08,9.205066862771938e-08,9.015514417386628e-07,0.00045799179294681014,0.0,2.1472524648025382e-05,9.546195275559699e-05,0.0007703053138373622,2.625216839566774e-05,0.0,0.0002198583476888232,3.9955136486603276e-05,0.002917837772850522,6.261956121832366e-05,0.0019823159255672536,2.8104687159630386e-05,2.6868564884187306e-05,1.2398846392751807e-06,1.266546300272275e-07,3.282239306333169e-06,0.0017518246260593887,7.413041398727614e-08,3.4594628945813047e-06,0.0003613262642296107,2.318599099123696e-05,6.787170303909316e-08,1.9337246292367585e-05,8.659831925799333e-06,1.7274906716715698e-05,0.0,1.742823104895514e-06,0.02384080224164624,2.524054134547389e-06,1.0368105037662878e-05,0.005436771085812992,0.00027703664715980836,0.03971320206530141,2.998215740311958e-05,0.02573777256318917,0.002097981440243061,1.5362497098488277e-05,0.0011510602529476396,4.752574976867727e-05,0.003194925465614911,0.0003816237347998714,1.1840342605766853e-05,5.468290331368227e-06,0.0012928947835334193,8.570635179421986e-07,0.0008782509734288789,1.7485883957996996e-05,0.08350562876820232,0.0005099000336433595,2.3811910692471815e-05,0.0023363601059504155,2.1372012382932487e-05,1.2889472511192587e-06,0.012611682105138447,0.0002805394274672496,0.0019666276583427313,3.362007573708298e-07,5.172595396416452e-08,0.0009144586648259113,8.434327041896183e-07,Treat
3.4711862391878893e-06,4.161245580053071e-05,0.009958661840762844,1.5729923561493892e-07,0.001968186132805207,2.738995480102825e-06,2.2918711201398077e-06,3.917824171729875e-05,6.758283270135104e-08,0.05335126544158492,1.4530071532387292e-06,0.6149365622762913,7.478901863769558e-07,1.8807280033361237e-06,6.589679496922798e-07,0.0008003911525516418,2.3843812970385705e-05,6.864602441545146e-06,1.5225879147988953e-05,7.650214735864586e-07,1.4400238703507334e-06,0.004341340236993591,0.06878317522892176,3.566492560100652e-06,1.8676060701912202e-07,1.8240771295582478e-08,1.1312930956224414e-05,3.75640322471581e-07,0.0,0.0024145944848957806,0.018639231952815243,0.0007123373486258304,0.005393049689587225,0.00028223324991865945,4.5717953165696493e-05,0.001039304263089366,1.7262237971350716e-05,0.0,1.1405407231071003e-05,5.614397648956079e-06,4.374889510387723e-08,9.448204998987382e-08,8.850728741156962e-07,0.0004730829409778804,0.0,2.1105702565909887e-05,0.00010346546137341952,0.0008254016698338176,2.6525278168477264e-05,0.0,0.0002276147832629716,4.04583702453531e-05,0.0029789736694250074,6.17433261725275e-05,0.0019502272266546912,2.7761312118985162e-05,2.706472310508196e-05,1.2515138684206382e-06,1.4445310681272697e-07,3.4514836249829976e-06,0.001724562266482884,7.508539448095492e-08,3.6577917801916317e-06,0.0003571707476271277,2.3488973811016484e-05,6.450183686243467e-08,2.122471967558523e-05,8.545317110201367e-06,1.638371336030873e-05,1.3814568829929599e-06,0.0,0.024449327598131537,2.3747864180868804e-06,1.0881375006940738e-05,0.005691149221890164,0.0002761129693860076,0.03978381838220706,2.9160852001603124e-05,0.026126362262087355,0.0020486278537694123,1.6214173523090083e-05,0.0011572848042665342,5.066158590341936e-05,0.003250376971571614,0.0003866512435522275,1.1712759022056701e-05,5.669484303651024e-06,0.00123521618083003,8.18477944846447e-07,0.0008876319099691465,1.7093222873580323e-05,0.08411128084222269,0.0005183859833199759,2.4216309703978713e-05,0.0023571438217504423,2.1318087775698177e-05,1.362258673059147e-06,0.012560653400473373,0.0002817597967448765,0.0019646599889637287,3.4442887268859713e-07,5.2678155789350305e-08,0.0009368109463158064,8.246243849054551e-07,Treat
3.43556628773401e-06,4.046252025419094e-05,0.009903361840016509,1.5092993428797308e-07,0.0019549267492981167,2.7152506413425533e-06,2.2260342393601306e-06,3.828011191083899e-05,6.537714863974612e-08,0.05319189880010353,1.44586264908595e-06,0.6164421904069958,7.412755332694528e-07,1.8993310569892671e-06,6.63541726231245e-07,0.000797688101442676,2.3422440935769017e-05,6.6204407629004126e-06,1.5157181423567886e-05,7.53653751539483e-07,1.5032378671934688e-06,0.004064206218033338,0.06896832186581793,3.5752492248532895e-06,1.8358627322441007e-07,1.8056261739164046e-08,1.0866959443265344e-05,3.761330370675035e-07,0.0,0.0023769951123808423,0.01877292346827838,0.0007043038470660998,0.00544963048897666,0.00029192471141251233,4.509674007573119e-05,0.0010331614412206576,1.66892140070493e-05,0.0,1.1508672134527156e-05,5.682736055706765e-06,4.3983295636036725e-08,9.343183963292422e-08,9.103219327939738e-07,0.00047610178209374885,0.0,2.2051882810355122e-05,9.901998831092387e-05,0.0007942571896356344,2.621185562263479e-05,0.0,0.00021362987083512115,3.920536661212539e-05,0.002875460534691808,6.308925721609522e-05,0.001957914447466069,2.7761668184959844e-05,2.705498178633642e-05,1.271480800924859e-06,1.2343211684694675e-07,3.285652620919497e-06,0.0017423070567341298,7.473398632113027e-08,3.4340546644738672e-06,0.0003622126407632872,2.3368646837263284e-05,6.833872129347391e-08,2.0329881314118206e-05,8.627077491655547e-06,1.6801630828876194e-05,1.4038816063552945e-06,0.0,0.02437825982860793,2.4800566900817755e-06,1.0984060299334966e-05,0.005611568803616262,0.00027439631261117294,0.040260547201962614,2.878807445616761e-05,0.025866886525782794,0.0019273881888009561,1.5874192048804367e-05,0.0011315351294805952,4.9360352850487125e-05,0.0032810606793463497,0.00037660016683319233,1.1901026472345571e-05,5.604376563467824e-06,0.0012472154434087733,8.364811149561046e-07,0.0008848790216533225,1.7420662287102295e-05,0.08304323144683003,0.0005134085764690602,2.408321090979016e-05,0.002309088513345583,2.1299118211697728e-05,1.3225716907850937e-06,0.012547553399029571,0.00028371195408559576,0.0019774641854641436,3.410389455012178e-07,5.097918752020204e-08,0.0009028365567836587,8.336396609893773e-07,Treat
3.3983087127419598e-06,4.0130693508438546e-05,0.009787724390018127,0.0,0.0019636435653767525,2.7043234915942604e-06,2.2266761085413717e-06,3.885502456230632e-05,6.591445968105171e-08,0.052785741347289916,1.436115989433174e-06,0.6163328830363056,7.45094647304981e-07,1.897204915973205e-06,6.551896390960178e-07,0.0007947856176178904,2.3789812046954153e-05,6.943868806552904e-06,1.5124851073686765e-05,7.599628230910413e-07,1.4670695000448307e-06,0.0040732724544242215,0.0692313355689616,3.41125430581613e-06,1.900761544720725e-07,1.7880112288413168e-08,1.1047100181686571e-05,3.6987010871196156e-07,0.0,0.0024035448258470037,0.01907628344305715,0.0007320671545839007,0.0053979564638627795,0.00029463235519079455,4.497944170672154e-05,0.0010308417509755636,1.6776533396256796e-05,0.0,1.1705926177612574e-05,5.60113386638702e-06,4.3340223280103967e-08,9.324576153958686e-08,9.109683010854775e-07,0.0004638380582663357,0.0,2.2072369833817482e-05,0.0001007003772141475,0.0007767452098366811,2.628245133747384e-05,0.0,0.0002211903849815432,4.0106032501991175e-05,0.00275998709251866,6.308258910990804e-05,0.001946894666807015,2.760329028424143e-05,2.7458926330198708e-05,1.2663632060083424e-06,1.3002495905986557e-07,3.206911562799246e-06,0.0017217976032884302,7.438215359316247e-08,3.4589234446981978e-06,0.00034856938655718054,2.391773660209676e-05,6.524199936048434e-08,1.998350784987962e-05,8.600401782466644e-06,1.7023593144729025e-05,1.4155246492164794e-06,0.0,0.024414647469185122,2.4990867260724034e-06,1.1047100181686571e-05,0.005541616473132491,0.0002761100073495589,0.03963961915604038,2.8976579070813824e-05,0.026499088967070903,0.001956764134450064,1.556476415375017e-05,0.0011729747328066346,4.8200180451938276e-05,0.003242705395706818,0.00037880092659490556,1.17564932186758e-05,5.540624928327487e-06,0.0012563395378587658,8.258509492903233e-07,0.000884095264608531,1.7107084009848835e-05,0.08319539767939628,0.0005133022689564699,2.438760007886525e-05,0.002251822430485349,2.1130170530256778e-05,1.3308001372850363e-06,0.01250384846570425,0.00028342459049735035,0.0020401060136756104,3.3375236803862417e-07,4.918349973046907e-08,0.0009942364576396043,8.208542222087126e-07,Treat
3.4242481590092492e-06,3.9718960004432335e-05,0.009974666716854088,1.4759962391839124e-07,0.00196754232068148,2.739262616902129e-06,2.24315490018927e-06,3.901867100179949e-05,6.528466751399766e-08,0.05352889804440271,1.4489012370982568e-06,0.6158970154759573,7.405934884244429e-07,1.903963341114594e-06,6.61182814440671e-07,0.0008018785764810038,2.362634471623255e-05,6.192753911113721e-06,1.5356765255468457e-05,7.448008285864003e-07,1.473557077290089e-06,0.003889983301264787,0.06923433700161288,3.709485179069409e-06,1.805158128481999e-07,1.8130648675910225e-08,1.0932857601527841e-05,3.729911419262563e-07,0.0,0.002429581174828876,0.01893819860158837,0.0007536312393426063,0.005395296064864332,0.0002915501163196966,4.649244186504126e-05,0.0010301811683251832,1.6163664471224402e-05,0.0,1.154547462230316e-05,5.520487544481627e-06,4.470191370230471e-08,9.307861043202989e-08,9.004683518347387e-07,0.0004672722267112567,0.0,2.29287266835924e-05,0.00010246675255041977,0.0007686427256531584,2.540004416906679e-05,0.0,0.00021751445952195088,3.900721068820985e-05,0.002685428611245081,6.374751345028791e-05,0.0018972615456770133,2.756779217692685e-05,2.634253189333652e-05,1.2649603636102007e-06,1.2831493175305518e-07,3.3725626737594033e-06,0.0017419817977205802,7.574492121519927e-08,0.0,0.0003657337176723211,2.2643267575578156e-05,6.697848932676908e-08,1.9758765904624278e-05,8.655422801371118e-06,1.657600285059234e-05,1.4413817668180439e-06,0.0,0.02420815719947877,2.479688191657224e-06,1.0697235670460433e-05,0.005448658370770965,0.0002723765821480067,0.039899695176590574,2.8474910369496563e-05,0.02599971701570077,0.0019344948828546092,1.5350768809041803e-05,0.0011849005541484984,4.9457043331049494e-05,0.003276968324945832,0.0003766540992965478,1.1856738380285759e-05,5.678108736612641e-06,0.0012671578984870039,8.203824470377664e-07,0.0008901626373768828,1.7605392465367017e-05,0.08351326521459236,0.0005088864551190955,2.4401461448874038e-05,0.00243560088603331,2.1717967095943436e-05,1.3503938821524008e-06,0.012479783060276087,0.00028108518266686713,0.001993845389374011,3.4619352358559287e-07,5.059484810266121e-08,0.0009439632652602166,8.217236582370222e-07,Treat
3.370836785657382e-06,4.125391527776881e-05,0.009968055358299286,1.424916543532777e-07,0.00196630975382884,2.7947772107493654e-06,2.224033755429755e-06,3.8240940361446094e-05,6.612498509864714e-08,0.053727570616417086,1.4498697505226403e-06,0.6156373209889677,7.400228714708773e-07,1.8848972844396025e-06,6.77279720495281e-07,0.0007684003538910428,2.3721451505020975e-05,6.4602498333929515e-06,1.5392232971497553e-05,7.556839460102279e-07,1.4867955579918391e-06,0.004067598562423376,0.06926501670186451,3.6464324911503388e-06,1.7925588829509007e-07,1.8876695957073138e-08,1.1130068922781426e-05,3.763121789934078e-07,0.0,0.0023219237535953723,0.018987153335832785,0.0007713816967956401,0.005565246025930675,0.0002910870123749198,4.5313046394436244e-05,0.0010271122369050634,1.6751089646359122e-05,0.0,1.133161946665467e-05,5.447587379934803e-06,4.583672485559885e-08,9.407780334346174e-08,8.826814949486885e-07,0.0004772582190936951,0.0,2.230554978967249e-05,0.00010125336773862713,0.0007604707149330983,2.6761433325399868e-05,1.5322477729174033e-05,0.00021065601017402583,4.044447580390977e-05,0.002900628250860368,6.375715537858872e-05,0.0019151627097641199,2.7134143825323655e-05,2.620157070352963e-05,1.3014592561613995e-06,1.3034190636723203e-07,3.2241514778502708e-06,0.001678712412872846,7.211942701517252e-08,3.708841739908519e-06,0.0003501733119862553,2.382775318679961e-05,6.978026493513525e-08,2.0079536811364988e-05,8.735517822482922e-06,1.4601217178377236e-05,1.4017390929137597e-06,0.0,0.024220900466298295,2.459767547617029e-06,1.1107674417906533e-05,0.00566530230040315,0.00026485075227517766,0.040673867246140576,2.8037920103264205e-05,0.025582446423277422,0.0020899771765481704,1.5519391878244476e-05,0.0011906026196475926,4.8551286568591654e-05,0.0032459747033095833,0.0003771360367923782,1.1585735394608177e-05,5.577890116737122e-06,0.0012666384474675663,8.402492754449109e-07,0.0008914526114209163,1.7259101732606014e-05,0.08245049035348398,0.0005045002655689267,2.4216093146861873e-05,0.002226037334459711,2.1504163081915234e-05,1.3795301690476176e-06,0.012569277596861222,0.00027993131093514517,0.002101446676614817,3.5946686595154473e-07,4.9433561716167025e-08,0.0009164354572984264,8.353695082197537e-07,Treat
3.3898858274600887e-06,3.897142481341416e-05,0.009739928467161601,1.5442107380079064e-07,0.001976135178300624,2.7268872310530302e-06,2.227098777241772e-06,3.866390614524838e-05,6.553914340789044e-08,0.05384887635919582,1.4493545118234603e-06,0.6171253179190251,7.417416607878108e-07,1.904546046850585e-06,6.670914449759963e-07,0.0007922283621689365,2.4083765722673524e-05,6.972629996155851e-06,1.5090712939156737e-05,7.501567743462095e-07,1.5271286732433169e-06,0.004115036654538114,0.07009927486261416,3.5670131679122713e-06,1.8085140214325864e-07,1.761058832519726e-08,1.089293877270485e-05,3.687817877583703e-07,0.0,0.0024163505909608964,0.018056894059996588,0.0006938084221583389,0.0053210418906138235,0.00028719212262037937,4.4527521841611375e-05,0.0010291591161256078,1.693091470736361e-05,0.0,1.2137407095115418e-05,5.401243532385388e-06,4.516589454995247e-08,9.333097180164866e-08,9.262498106328274e-07,0.0004579391280115169,0.0,2.269532521513358e-05,0.00010340228954979813,0.0007838671978356794,2.702493554469379e-05,1.514367233118076e-05,0.00021205083625279618,3.983835012358778e-05,0.0029314807960267916,6.29608788301052e-05,0.0019391636345203497,2.6916497279437183e-05,2.6978844125345227e-05,1.2661011804301541e-06,1.3265269146966233e-07,3.190608519265583e-06,0.0017816663484247505,7.396727676073609e-08,3.5307664398971803e-06,0.00036019597849244674,2.3383713416159125e-05,6.933642172027507e-08,2.058110076909664e-05,8.711131454186568e-06,1.6654366191272374e-05,0.0,0.0,0.02375109656011914,2.5776035331598513e-06,1.0969757804952471e-05,0.0055075779506291965,0.00027580200431476926,0.03999012514216321,2.906832180247903e-05,0.025291983926369974,0.001979668677230956,1.497971128827542e-05,0.001184942553714353,4.818089702567349e-05,0.0032752877793959835,0.0003762415179930569,1.185134066407287e-05,5.606536407553407e-06,0.001270473148414575,8.363722244183824e-07,0.0008853524336844374,1.769909036112398e-05,0.08289219537901998,0.0005119453535238023,2.4400605633511003e-05,0.0023703298506526746,2.1432508803486577e-05,1.3555884650501488e-06,0.012445740502428625,0.00028192584834856743,0.0019832828776501573,3.4754130654166346e-07,4.95494969890765e-08,0.0009311966620679091,8.386247034149271e-07,Treat
3.415057063869706e-06,4.0801205291192064e-05,0.009874357931419806,1.4450907072432895e-07,0.0019712478158070176,2.7085064414068083e-06,2.2363445615945437e-06,3.792081512927126e-05,6.816171055199237e-08,0.053732987820103405,1.4436848380186427e-06,0.6135594968015191,7.420081883576466e-07,1.8917290512616051e-06,6.60584260668801e-07,0.0008114616864639537,2.3660172956979685e-05,6.693641184464451e-06,1.5313636177056663e-05,7.555260953244365e-07,1.4598871079451894e-06,0.004142149453841835,0.06967200840217083,3.5514719913343658e-06,1.8625150006483987e-07,1.812859199890299e-08,1.0844249363497822e-05,3.728216077681686e-07,0.0,0.0023723662492827697,0.0194884103472736,0.0006969266198363473,0.005430879267361222,0.00029384230440932993,4.4835958335351004e-05,0.001033583177351578,1.6500422592660323e-05,0.0,1.1767440856073761e-05,5.67563356414666e-06,4.362136092161445e-08,9.340512175103257e-08,9.230672429307577e-07,0.0004737737046076888,0.0,2.273881563182799e-05,9.912352179747867e-05,0.0007871797347512795,2.649949664605342e-05,0.0,0.00021863696021216594,3.956720720998056e-05,0.0028169985938186876,6.310859027066739e-05,0.0019578305647447412,2.824110865713054e-05,2.5985890111451278e-05,1.2525868883591606e-06,1.2402193314941795e-07,3.3288906236891316e-06,0.0017533185585549475,7.53086290329049e-08,3.5431654685687753e-06,0.0003634539400234095,2.3359345301587268e-05,6.64601549085472e-08,2.0843776634057788e-05,8.614573604190343e-06,1.6923010247712737e-05,1.3781428528964465e-06,0.0,0.024243616739183616,2.4730939997709224e-06,1.0961273637204594e-05,0.005644125651320279,0.0002739537889973935,0.039974024050798994,2.942510348872366e-05,0.026084181203600072,0.0020017864994950505,1.5297673112895882e-05,0.0011699807154377346,4.9598788006070005e-05,0.003304754701777862,0.0003775714299856333,1.1819098620242252e-05,5.56073763076256e-06,0.0012595864421599049,8.155432056943921e-07,0.0008845139515960697,1.6358288646831577e-05,0.0839768078811322,0.0005168474347087829,2.3808884792979253e-05,0.0023287408222400934,2.131918400909515e-05,1.3458043509425541e-06,0.012515389789230268,0.0002792199170644512,0.001986714915141039,3.412887576757923e-07,5.08552946788954e-08,0.0009177619927450888,8.346683582235472e-07,Treat
3.427008859829908e-06,4.1096425485419935e-05,0.009942334015772616,1.4504088869534425e-07,0.001964601878266889,2.728710356233511e-06,2.2463239756972426e-06,3.850209500511393e-05,6.641604789321291e-08,0.053543962932983975,1.439457016835339e-06,0.6155342745511495,7.449258959906345e-07,1.893574703614188e-06,6.49141033284324e-07,0.000798401354570419,2.39164386324883e-05,6.811619899954427e-06,1.5141910509767954e-05,7.55260591216311e-07,1.4525364023755956e-06,0.00415559618830207,0.06930899175511251,3.5471499701321787e-06,1.8390652741415577e-07,1.827437073934874e-08,1.122601945744294e-05,3.618829668445982e-07,0.0,0.0023971793777109096,0.018567317372191038,0.00070922300170017,0.0055427274890418625,0.0002946071257603725,4.5080984861084465e-05,0.0010393618136116224,1.7043439973529288e-05,0.0,1.1690087190919942e-05,5.710700749333733e-06,4.400169435634106e-08,9.358550906510367e-08,9.057725945972724e-07,0.0004671881109933333,0.0,2.2569142167818723e-05,9.462356866252017e-05,0.0007985490702466607,2.5766808439721516e-05,0.0,0.00021734422178626284,4.002031739651421e-05,0.002890496230238423,6.243920861615182e-05,0.0019582164863771023,2.7771528325644978e-05,2.6672845443176545e-05,1.2660883556578543e-06,1.270229534643768e-07,3.331871788381954e-06,0.0017495611275518735,7.383425288967184e-08,0.0,0.000362568389653836,2.363430671207731e-05,6.775045089315707e-08,2.074165025851182e-05,8.658678864427782e-06,1.6927423040160115e-05,1.354827799348775e-06,1.7564944439790198e-06,0.0244229969873513,2.4165258936482414e-06,1.090006712083419e-05,0.005387234826777851,0.00027953838408798724,0.039729382617396454,2.9175496434427357e-05,0.02608309477805796,0.00193735813538332,1.5485498296856666e-05,0.0011865317620365038,4.926852437080537e-05,0.0032543740940928546,0.00037844884220195854,1.160547490580956e-05,5.590691210381297e-06,0.001260767034398483,8.225489032977609e-07,0.0008918830954894975,1.76243599744994e-05,0.08358842981326516,0.0005152347534961571,2.4615254526484132e-05,0.0023273965218228465,2.1243419115492945e-05,1.3234263305918045e-06,0.012512276641350234,0.0002822360511921208,0.0019867223670362467,3.375408594331112e-07,5.0715253109419404e-08,0.0009275937131318494,8.114860729284523e-07,Treat
3.4501537408035856e-06,4.1865082903448815e-05,0.009847834427674122,1.4059693194127647e-07,0.001966155320650668,2.7206302875678175e-06,2.2383794964341897e-06,3.779722372932197e-05,6.585182412667496e-08,0.053480697017092335,1.4468338024447921e-06,0.6168509113805979,7.469097249749197e-07,1.9098964000869265e-06,6.647618062862118e-07,0.0007907595066360973,2.3521200516248524e-05,6.409725450747873e-06,1.5465023305966208e-05,7.533812385889217e-07,1.4011527454797178e-06,0.004052250414483636,0.06856190841244279,3.4187741073409206e-06,1.8281830624416706e-07,1.773881730935137e-08,1.087410926669025e-05,3.832027540416582e-07,0.0,0.0024312036085696598,0.01907283293877605,0.0007315492920432985,0.005462444901885504,0.0002911854863892795,4.52073057930389e-05,0.001028510770977224,1.6714788043122107e-05,0.0,1.1317304404197226e-05,5.605792618364939e-06,4.4613099402655567e-08,9.158875018518847e-08,9.213262535521873e-07,0.00048724764618155326,0.0,2.2293603608857282e-05,9.410071048993924e-05,0.0008093331151999111,2.52146376445961e-05,1.4853104058338028e-05,0.00021120012228975304,4.00300179555452e-05,0.00283152199268721,6.225308842196886e-05,0.00197771161821941,2.7494189339923017e-05,2.6385939079436038e-05,1.2512770108543645e-06,1.3141422578926941e-07,3.335217643777569e-06,0.001731958458049536,7.327307515280476e-08,3.5726750198960806e-06,0.0003694402504512595,2.253963842178582e-05,7.20099579281152e-08,2.0327049944289495e-05,8.717918913346556e-06,1.6730616440890142e-05,1.3930370702548087e-06,0.0,0.024146308478147634,2.4889702957656315e-06,1.119067722205232e-05,0.005350727818169045,0.000288800140815751,0.03988945658612561,3.001064216833282e-05,0.02565026647871094,0.0018800629223446744,1.54326878239053e-05,0.0011585253096347027,4.902054788783049e-05,0.0032746873076295604,0.0003882319942957722,1.1987660371905487e-05,5.5444864638713315e-06,0.0012636544796997998,8.388858700393358e-07,0.0008957332145736265,1.738421524167444e-05,0.08349979726870597,0.000499992015719375,2.41860861796651e-05,0.002312135710602208,2.1110520330524157e-05,1.332659877501373e-06,0.012531000513389227,0.0002810806875660617,0.001960998102792674,3.4226802251532635e-07,5.0227663526836646e-08,0.0009239749476073634,8.4322231302766e-07,Treat
3.430731233011117e-06,3.987325706447735e-05,0.009913172255652716,1.41725511982781e-07,0.0019528934313001122,2.7259817324737587e-06,2.2223586659325168e-06,3.817898914424993e-05,6.611281587623632e-08,0.05303790651243745,1.4372788616176391e-06,0.6162088947179273,7.47991178506366e-07,1.883075806045074e-06,6.647561277317921e-07,0.0007895989087941087,2.3602542216428236e-05,6.553959815497887e-06,1.516782501191288e-05,7.443067614401897e-07,1.4507305236866115e-06,0.003998473100928526,0.0694514522709694,3.602661613017904e-06,1.8611145856733757e-07,1.810722983980723e-08,1.121486593923287e-05,3.6515367113509714e-07,0.0,0.0023970196476119096,0.01854373789733242,0.0007161260346208195,0.005474307532411749,0.00028154420136506037,4.424090381577134e-05,0.0010319274389409116,1.696794651844971e-05,0.0,1.1633602816834066e-05,5.807786279774879e-06,4.468007596651552e-08,9.327545066707917e-08,9.148657016355824e-07,0.000474215233937381,0.0,2.1973841793036662e-05,0.00010163759499716611,0.0008044671359507153,2.6116436996476398e-05,1.4878016924361834e-05,0.00022214913364866482,3.928844268971503e-05,0.0027328151592222183,6.378455002938666e-05,0.001980863900308855,2.766220293139426e-05,2.6171054850076613e-05,1.2486349577882095e-06,1.232019574817807e-07,3.3836562483218505e-06,0.0017217485394782803,7.383560363875035e-08,3.416144002259969e-06,0.0003544268598567189,2.3148866950867784e-05,6.811893829066737e-08,1.9722078713562305e-05,8.623871349843541e-06,1.71226971036501e-05,0.0,0.0,0.02446368714550393,2.411737485365135e-06,1.0541245744830902e-05,0.005626926112754836,0.00027542163612140417,0.04003205988792323,2.8920153481284686e-05,0.02581224264302083,0.0020353544924158013,1.5875589446446446e-05,0.0011542095369072283,4.973865867854558e-05,0.0032511797322198454,0.0003731977080087137,1.1460127819636474e-05,5.697275377917161e-06,0.0012507905004714593,8.14408298991129e-07,0.0008901087447806346,1.7086589326025634e-05,0.08332356309769876,0.0004994225181215544,2.3885996478675365e-05,0.0023888406935305847,2.0988000129190932e-05,1.3498257893234252e-06,0.012538174813160979,0.0002808632091632225,0.001976623866676255,3.3370206477033327e-07,5.113090733704664e-08,0.0009172008668537256,8.136108641803504e-07,Treat
3.450320004516522e-06,4.1468056767848096e-05,0.00984051893286305,1.4120942108437578e-07,0.0019656307255102035,2.717474222571605e-06,2.227132729436605e-06,3.847068943986649e-05,6.748016806873501e-08,0.05362222855710229,1.4542396985673884e-06,0.616129402036582,7.457239260083228e-07,1.884224009429701e-06,6.496355599003081e-07,0.0008105433939842933,2.3764999741788268e-05,7.000964019964436e-06,1.5254386360093966e-05,7.603317383314245e-07,1.4680654501623135e-06,0.004186600153239445,0.06910041560943307,3.4771760108910854e-06,1.846249168417292e-07,1.8241102046731678e-08,1.15902747811698e-05,3.7255159102644695e-07,0.0,0.002414345062212728,0.01854789166100385,0.0007027659440710136,0.005396102229938617,0.0002946511422476076,4.627642977234843e-05,0.0010266523304505821,1.6944366317249994e-05,0.0,1.2062091276686417e-05,5.758395764078324e-06,4.5292090095390106e-08,9.236378640219984e-08,9.188398898958958e-07,0.0004978959478750799,0.0,2.2962118303478706e-05,9.363488502322515e-05,0.0007754008150724821,2.587810909105429e-05,1.5414973573603946e-05,0.00021686844558049605,3.917102600821899e-05,0.002823685908022214,6.386959386048165e-05,0.001953677613137314,2.7525206569410382e-05,2.663711823601586e-05,1.2479130100120195e-06,1.2806482159937908e-07,3.3821964907414623e-06,0.0017714876296362708,7.395337416196422e-08,3.4779203815083548e-06,0.00036689356117647093,2.3498512852796466e-05,6.65365572010367e-08,2.0829759796491995e-05,8.438829011053938e-06,1.7221302086357583e-05,1.3616688612746865e-06,0.0,0.024745468903105822,2.542437136911277e-06,1.0964605080593337e-05,0.0056848449461988065,0.00028222511279335223,0.03950634218535851,2.9478274089453026e-05,0.025651849997224183,0.0020631162835209214,1.5262237941929727e-05,0.0011272157213627247,4.896634673035807e-05,0.0032400166838319733,0.0003775346804405533,1.1759462232571689e-05,5.6143872836522405e-06,0.00125224161248039,8.341233889885617e-07,0.0008901776497193647,1.743467378366421e-05,0.08325953684204072,0.0005123462834565683,2.379322170434012e-05,0.002424005444016262,2.136946157737182e-05,1.3333058443542343e-06,0.012530981046018776,0.00028614644765050855,0.001957648286303298,3.288769074888599e-07,5.123457775930937e-08,0.0009399959008061198,8.303577877467904e-07,Treat
3.3750260525099235e-06,3.998242666277728e-05,0.010027589101323552,1.536827658283102e-07,0.00196729335272413,2.7073225613821214e-06,2.315945498328003e-06,3.800294973720433e-05,7.077553526365072e-08,0.05339066154873376,1.4285188211897177e-06,0.6163719024984804,7.504593882302776e-07,1.919565540410394e-06,6.625027544462472e-07,0.000787627049269362,2.3558906464263097e-05,6.440122791194964e-06,1.4796799735506402e-05,7.459022939469094e-07,1.446406938620451e-06,0.004162097174811345,0.06812480360548487,3.395633054890665e-06,1.8186409222130272e-07,1.7166842233549377e-08,1.0536993789921048e-05,3.630543018964876e-07,0.0,0.0024703909668353633,0.01869420141415319,0.0006897691227103182,0.005573319920823054,0.0003035755839132776,4.4251789549557584e-05,0.001015321313508051,1.6756280995012435e-05,0.0,1.187928599245878e-05,5.627055670338623e-06,4.414210807038388e-08,9.457292463034698e-08,9.119383108328887e-07,0.0004535924773881805,0.0,2.3187246857226372e-05,0.00010520322281296334,0.00080016609147112,2.637604177986599e-05,1.5240642823091665e-05,0.00022205602753501213,4.022402300271343e-05,0.0028457240487217896,6.311010505598138e-05,0.0019824143887312968,2.7974464621346564e-05,2.6398413316575034e-05,1.2025400592185685e-06,1.2230956485885318e-07,3.3636910706771546e-06,0.0017322761059492585,7.627337987953206e-08,0.0,0.00036332230558503505,2.4027030425425087e-05,6.957281276859365e-08,2.0138859021373425e-05,8.314056174927632e-06,1.776300014691571e-05,1.4093746741794836e-06,0.0,0.02465258853698694,2.491531906626986e-06,1.1566084478533266e-05,0.005169168790267204,0.00026828240175333373,0.04010520103136057,2.9261970015322145e-05,0.025987144887613944,0.0019336186757918886,1.554821801272847e-05,0.0011405028258378584,5.015698530149249e-05,0.003276549916389968,0.0003772444739491099,1.1902189129126721e-05,5.452793219805732e-06,0.0012791221816992964,8.354614615161664e-07,0.0008927866636693551,1.6490468440790653e-05,0.08365875059665404,0.0005165709275185562,2.3742566335470308e-05,0.0023080101875972525,2.1469681083845843e-05,1.3576047256364976e-06,0.012431551089774203,0.0002803377265000007,0.001987416935699069,3.398529772858183e-07,4.7713582019546786e-08,0.0009289587160922882,8.082572494915843e-07,Treat
3.4165592365445287e-06,4.024030334456839e-05,0.009811079293330598,1.4654426411420738e-07,0.0019717335753977293,2.7317312019011457e-06,2.260145433797277e-06,3.846721671326377e-05,6.761581411172693e-08,0.05343369390529038,1.4485699054938e-06,0.6162275151923207,7.384540072984873e-07,1.8787379324314011e-06,6.567421022492614e-07,0.0007974264295775181,2.357916677419336e-05,6.570305390815809e-06,1.534954606421263e-05,7.56675242543909e-07,1.4910028708251772e-06,0.0040628726553681915,0.06952152255837465,3.4756825420171787e-06,1.8759948168159567e-07,1.8213805369443403e-08,1.1295559237677222e-05,3.661584503450186e-07,0.0,0.0024673392210138654,0.018765943153964185,0.0006853948805339579,0.005439725869253576,0.00029946972020424977,4.468357767114459e-05,0.0010353246989392658,1.655903688417461e-05,0.0,1.1762559102800834e-05,5.678226804369978e-06,4.452921665852971e-08,9.269611145325604e-08,9.256538178893598e-07,0.00047544692833193354,0.0,2.330182704559061e-05,0.00010124172834437983,0.0007921046940358469,2.6025513316784402e-05,0.0,0.000207942717793402,3.96949885355066e-05,0.0027762692573239933,6.212071122529656e-05,0.0019288001228804925,2.7889328194767245e-05,2.5723909237225367e-05,1.239857296081545e-06,1.2657641663424991e-07,3.393070826072794e-06,0.0017529190948108405,7.531163850603719e-08,3.478382182453891e-06,0.00035915829002692695,2.317486830675901e-05,6.606799165076569e-08,2.0626937136538145e-05,8.550563536711183e-06,1.6773078489022905e-05,1.3560600214463838e-06,0.0,0.024197594086927576,2.4494036432332373e-06,1.084801770026712e-05,0.005569454603292034,0.0002719993577937501,0.03994914258051185,2.970313725463277e-05,0.026246583902771,0.0020223158955058034,1.5790432939491958e-05,0.001176921939796411,5.0455443761063076e-05,0.0032173618807873673,0.0003835244693087842,1.1608006926974727e-05,5.68726097874543e-06,0.001259408950827697,8.318437888192501e-07,0.0008879955638179818,1.7425938566756317e-05,0.08260592317109045,0.0005060856396009478,2.410695806257313e-05,0.0023005990125687286,2.164091216730758e-05,1.3311813782882344e-06,0.012581676439371681,0.0002807933980694262,0.0019871459200770706,3.423909413505583e-07,5.077641952361479e-08,0.0009309452670133674,8.263684011656967e-07,Treat
3.4293168357046456e-06,4.0722732224495264e-05,0.010050144110913503,1.5306176136613267e-07,0.001963245028688722,2.7343372506843917e-06,2.211053997635283e-06,3.8297918977817884e-05,6.682014182259265e-08,0.053269427927488795,1.4579270270964573e-06,0.614381740126831,7.430398621202922e-07,1.9022406657671863e-06,6.460795455004066e-07,0.0007920364688620731,2.3831176096884568e-05,6.858788140387274e-06,1.5538395383593798e-05,7.518114377804189e-07,1.4437307426426312e-06,0.004200856942196099,0.06919341738007803,3.5783410985300155e-06,1.8148300116120825e-07,1.8269368666108716e-08,1.1264775750221682e-05,3.8732950280666003e-07,0.0,0.00232379164266942,0.01881337681136097,0.0007022249068109489,0.0053866847779694875,0.0002833891236768483,4.473025822353373e-05,0.001034146634224591,1.674690590513956e-05,0.0,1.1337627978194e-05,5.726354818647274e-06,4.4348206133469596e-08,9.161465142037232e-08,9.244689798047645e-07,0.0004735916835010584,0.0,2.332026497609906e-05,0.00010120580857783959,0.0007819684267646331,2.6153949842066777e-05,0.0,0.00022003657248907102,3.895772890820399e-05,0.0028240716928643345,6.317198818050743e-05,0.0019469601906221068,2.8061726315144694e-05,2.609931067108756e-05,1.2430111348622278e-06,1.3045992722977128e-07,3.2825276929203695e-06,0.0017445081964327512,7.431640452768846e-08,3.4983275621849647e-06,0.0003625286891703998,2.3248967251670094e-05,6.80348992982134e-08,2.1014732825725266e-05,8.75317175520533e-06,1.7174912744477017e-05,1.3591476978277214e-06,0.0,0.02477284568687388,2.4629235447295753e-06,1.1474225905642085e-05,0.005574996129181195,0.0002772040824802935,0.04009213031915702,2.839415585221594e-05,0.02586875091307326,0.001983031964794579,1.579982694149922e-05,0.0011274681467085765,4.87290339849928e-05,0.003294559581447725,0.00038564031404741516,1.1895039177281923e-05,5.649338420208279e-06,0.0012592267744993193,8.236756853968314e-07,0.0008952311452778809,1.6481911370558147e-05,0.08420457479341148,0.0005155881458245355,2.4474205670188572e-05,0.002339552303155861,2.120021835583787e-05,1.3684421441032907e-06,0.012584986128577936,0.0002825482596621884,0.0020077549926303165,3.3561274785522946e-07,5.111311404408901e-08,0.0009731447539514604,8.399137732170856e-07,Treat
3.4362477722253064e-06,3.9891355240286434e-05,0.00983266634737767,1.4566056306663052e-07,0.0019469799184434282,2.7331850552654064e-06,2.160965041569597e-06,3.8395646382906625e-05,6.728661107690721e-08,0.05284471667309882,1.4347947041010553e-06,0.6158764367741897,7.388263910749341e-07,1.8782695460163e-06,6.559286613554322e-07,0.0008083989050393564,2.361917570996007e-05,6.694422244294674e-06,1.5112535395705772e-05,7.528330818848745e-07,1.4291495321040331e-06,0.00406567547823476,0.070190209728912,3.3842285797601254e-06,1.8776478656326717e-07,1.772865796608263e-08,1.1017134988110934e-05,3.679343743248648e-07,0.0,0.0024110971516012073,0.01935498561902634,0.0007138465079723805,0.005424924274026623,0.00029872420498509774,4.307648531135938e-05,0.0010228615329964344,1.677094692539491e-05,0.0,1.1130324731139507e-05,5.503627634151132e-06,4.3677859552324285e-08,9.3599107328203e-08,9.27728026475835e-07,0.00046876586461023996,0.0,2.1307223975594505e-05,0.00010271217075384485,0.0007984053654036549,2.6646752004634797e-05,1.4914755846700885e-05,0.00021845870882875967,3.987108698180218e-05,0.002890121945379062,6.284860481659526e-05,0.0019253561000692747,2.777937979468461e-05,2.7231565676948877e-05,1.2761084228634806e-06,1.2816612466857034e-07,3.4186612767495133e-06,0.0017391780061453675,7.26009111870719e-08,3.5623456254349425e-06,0.0003666669682856939,2.3401979371150064e-05,6.920963297011983e-08,2.0688676225033284e-05,8.714130595962074e-06,1.640308026055217e-05,0.0,0.0,0.024563549682306344,2.489398206389736e-06,1.130010934568232e-05,0.0057289904299827,0.0002829622902210506,0.039355414889769166,2.8410625500162852e-05,0.02586303913321976,0.0019906564282028685,1.5865428981166614e-05,0.0011836235950193651,4.923753821741362e-05,0.0032981215019091403,0.0003719335130016883,1.195435039371595e-05,5.536561970446836e-06,0.0012665252991418063,8.558060489365425e-07,0.0008858522369529613,1.741379218751009e-05,0.08274125910984091,0.0005086673429473053,2.358024959859338e-05,0.0022723119599065257,2.1228991279523453e-05,1.3323856783839707e-06,0.012451755076287962,0.00028294606013558576,0.002007939499235905,3.341629255008109e-07,5.042059891099575e-08,0.0009228296849616441,8.424101867866375e-07,Treat
3.419520447523405e-06,4.078113412723265e-05,0.009968998139834326,1.4765705751938745e-07,0.0019604772672808975,2.7474018571392666e-06,2.222485611089775e-06,3.8558005623448504e-05,6.628935154660906e-08,0.053504289496709184,1.4537560728285645e-06,0.6150728909365452,7.422560089556831e-07,1.8957111085975495e-06,6.533917893871616e-07,0.0008003188259220997,2.3804015763642366e-05,6.825744751176613e-06,1.5228600810330429e-05,7.547671686239087e-07,1.443847779895797e-06,0.0041624853076826784,0.0692653425078923,3.5264120645202357e-06,1.8969047510885798e-07,1.852777081964774e-08,1.0925526380605055e-05,3.7282321055982014e-07,0.0,0.0024347960908188034,0.019341850716188675,0.0007097462879445316,0.005496552790525429,0.0002904769958771418,4.4237424880797046e-05,0.001038575418506828,1.6639262375270908e-05,0.0,1.1455618472064226e-05,5.684098654260354e-06,4.479081518352705e-08,9.36550924156262e-08,9.061474760546718e-07,0.0004659875231196659,0.0,2.282480691103911e-05,9.823797073517372e-05,0.0007816112338603619,2.64764580902253e-05,0.0,0.00021576390116847033,3.9714687135337954e-05,0.002781784810581366,6.260715975764475e-05,0.001964953399399837,2.759338160176418e-05,2.65655886188778e-05,1.2510422122884588e-06,1.2477216468251653e-07,3.3462229900269683e-06,0.0017404197134463502,7.424641981390168e-08,3.5417403755377697e-06,0.000365492362752763,2.3765013587009468e-05,6.864097842000023e-08,2.0326948474430524e-05,8.790680179142944e-06,1.68550520762189e-05,1.37047897687595e-06,0.0,0.02433287828345347,2.488580555740122e-06,1.0883306656506522e-05,0.005508481423619205,0.0002674750936463553,0.03996573205872107,2.8395109996480096e-05,0.02596604011483203,0.001974233117319286,1.584646977830987e-05,0.0011544193082370904,4.993186036717903e-05,0.003282168259927573,0.00037908782895813213,1.1895642168334388e-05,5.5861603455556015e-06,0.0012509380972405744,8.262139337884692e-07,0.0008903097471514645,1.710674880985463e-05,0.08328307299924834,0.0005133909483760355,2.4333125659149765e-05,0.002316978983937155,2.1285122593531606e-05,1.3361325916134767e-06,0.012520186691063837,0.00028218725371357466,0.0019887185123464235,3.4109338970339136e-07,5.0491937280147574e-08,0.0009513805940040054,8.274450836525898e-07,Treat
3.430651802241864e-06,4.021710411359341e-05,0.00987875604421474,1.4479887401313313e-07,0.0019657185607876593,2.7255974729461124e-06,2.2140688816914467e-06,3.852549064546541e-05,6.789664857010115e-08,0.05331411571523468,1.4446081014290368e-06,0.6159315319664855,7.451387433809842e-07,1.8996256055737727e-06,6.570336131671164e-07,0.0008023970769209523,2.3550661498530526e-05,6.667851617453901e-06,1.495882941881623e-05,7.567457080248992e-07,1.4595423437747458e-06,0.004105508802886872,0.06952514121825212,3.5838248793438874e-06,1.8640256781792084e-07,1.7667690782000074e-08,1.1352403144828343e-05,3.713967446200619e-07,0.0,0.002379136120610985,0.018783265146140957,0.0007177827495173989,0.005374277950144826,0.0002962266733614701,4.483664028099461e-05,0.0010359591958905125,1.6710958400537996e-05,0.0,1.2109230021150172e-05,5.744206641791134e-06,4.404990539891449e-08,9.359379643486923e-08,9.202464158697602e-07,0.00048040467549952494,0.0,2.2210393928224725e-05,0.0001011005161147191,0.0008068043703675122,2.60138522671516e-05,0.0,0.00021452946560525444,3.959254177079539e-05,0.0027749147418118006,6.295473782893598e-05,0.0019423217884010845,2.7753368457034306e-05,2.6466843536190968e-05,1.2585978260243283e-06,1.286702403302903e-07,3.356866894988292e-06,0.0017512256355684311,7.363999345120028e-08,3.4219082449863225e-06,0.00036898777741747483,2.313017613985215e-05,6.814903121723203e-08,2.080947229606343e-05,8.617765326990835e-06,1.6854589778526172e-05,1.3569868400290748e-06,1.773683711755929e-06,0.024306495718879485,2.494273765603818e-06,1.1175626064227626e-05,0.0057070474032435885,0.0002790135436443438,0.0400915697165179,2.9157169731583378e-05,0.025762288934392585,0.0019147837305334714,1.5567431660401995e-05,0.0011434115145410057,4.9342902622679524e-05,0.003266414635823628,0.000381116469959518,1.1763354814295125e-05,5.496215796085506e-06,0.0012712797277290827,8.164887346106189e-07,0.0008913467063795369,1.7052175026923543e-05,0.08315890650408501,0.000515090334723711,2.395650608332341e-05,0.0023562358620608202,2.15265026397511e-05,1.3307027205011711e-06,0.012528796645119454,0.0002807275282777321,0.0019589773751765936,3.3611648298594235e-07,5.18801079763895e-08,0.0009242134431104947,8.321586259325932e-07,Treat
3.4400353099210464e-06,3.968903381816549e-05,0.00995450739839995,1.554742657445907e-07,0.001958428159637915,2.726005999462506e-06,2.237415116479546e-06,3.8134359572321534e-05,6.573828175124806e-08,0.05356937608538872,1.4446556200911018e-06,0.6157652757341797,7.433200771593096e-07,1.8979862746208684e-06,6.59198321211446e-07,0.0008031212789097128,2.3636336604045667e-05,6.649739885205534e-06,1.514017951958054e-05,7.583937877746155e-07,1.4713942047317e-06,0.003964179448918858,0.06967105920497063,3.5147504063561012e-06,1.8379461935066813e-07,1.748654380024165e-08,1.1142141322115292e-05,3.737677675906279e-07,0.0,0.002327934327335024,0.018838917051363008,0.0007130610279696127,0.005451109827971164,0.00030857884466073995,4.517354159950011e-05,0.0010384567270823556,1.6443276860658126e-05,0.0,1.1408824214238335e-05,5.6036222836232575e-06,4.4490537016742777e-08,9.308943643215358e-08,9.182040873144329e-07,0.00047650334950337836,1.0140454361458115e-05,2.2381497621989467e-05,9.681376817904839e-05,0.0008101874993190392,2.650567769271438e-05,1.4898739975318103e-05,0.00022078373546513967,3.951459925969078e-05,0.002847537135797634,6.357459969781365e-05,0.001958251784518865,2.779640275112414e-05,2.6616253526033694e-05,1.2475120336706735e-06,1.2449885122944444e-07,3.338395077362803e-06,0.0017428464989462848,7.381742281372164e-08,3.5848412506061193e-06,0.00037337884465458944,2.355915695779423e-05,6.550426979490652e-08,2.1457874619476752e-05,8.685901799911839e-06,1.6761995439049116e-05,1.385837287240027e-06,0.0,0.024122487708056858,2.480923813413736e-06,1.0667315684920675e-05,0.005596085825672235,0.00027432420372920505,0.03989654140999117,2.7949667986648816e-05,0.026054903400858493,0.001936063256108176,1.538955421373311e-05,0.0011492237823395365,4.9505451023128704e-05,0.003204980469055761,0.0003758443369820004,1.1719466621849286e-05,5.621619919308498e-06,0.0012616365017789454,8.186731767839113e-07,0.0008896837953204065,1.719577868741518e-05,0.0830650397077332,0.0005149309413184385,2.4357581884784884e-05,0.0023429790904898637,2.1363112017292677e-05,1.3551097137113854e-06,0.012478165351813604,0.00028309364667975645,0.0020154097438174977,3.432325187318236e-07,5.175594488581657e-08,0.0009131685600590146,8.314755864489006e-07,Treat
3.448462504262487e-06,4.133268899106786e-05,0.009716592882903352,1.426805938482786e-07,0.0019832013239175312,2.730546602492701e-06,2.2140641197868344e-06,3.793512895945723e-05,6.965614845850296e-08,0.05332296409707963,1.4485538289624658e-06,0.6155202231237848,7.43508980725001e-07,1.910731598107553e-06,6.564654769302873e-07,0.0007946057174113835,2.356190521785566e-05,6.220050401108007e-06,1.5247348170298092e-05,7.63165871289282e-07,1.4622957200958775e-06,0.004143911049362786,0.06855229061769805,3.7145529059408073e-06,1.8431984481231462e-07,1.780518550047129e-08,1.1115146478068615e-05,3.750098265954566e-07,0.0,0.0024044589671999646,0.01922190335995449,0.0007114903911028431,0.005550839378461846,0.0002852089237625442,4.3725328010280936e-05,0.0010368792670217787,1.645633879181273e-05,0.0,1.1331527403358906e-05,5.854631523933241e-06,4.5798228303097265e-08,9.219947748548067e-08,8.848651253848488e-07,0.00047158777905148417,1.0010464912113062e-05,2.1903644120127593e-05,0.0001012137048989952,0.0007769442960522016,2.6683184629216086e-05,1.49446201583721e-05,0.00021631619097375093,3.939271687258148e-05,0.002895530111204738,6.285296456194768e-05,0.001983103350893381,2.763151351022738e-05,2.7309550465582668e-05,1.2541375558217513e-06,1.2635366193917098e-07,3.3796301803385925e-06,0.0017026894552700656,7.39380043871031e-08,3.5038480334886883e-06,0.0003758341859126397,2.371079402391283e-05,6.702902984543539e-08,2.119539916594332e-05,8.620399528174388e-06,1.6775215944872045e-05,1.385647018347462e-06,1.776749973668445e-06,0.025104069987506885,2.479664705925518e-06,1.0727938506496619e-05,0.00569436032040758,0.00028194162951304837,0.039935379541054764,2.8539505198811535e-05,0.02594619782165946,0.001841843062716827,1.5921080713463127e-05,0.0011619997018424708,4.9983993742052635e-05,0.003283704832377327,0.00037910160218753374,1.1633649724834081e-05,5.679025598078512e-06,0.0012662456810188755,8.514006012721345e-07,0.0008841833607929362,1.6605808649643955e-05,0.08315031088421451,0.0005123673080992113,2.45173657016178e-05,0.0023299206324087517,2.1595154044289134e-05,1.3250287752483527e-06,0.012521570381271366,0.0002823087766852907,0.0019921644888943693,3.330973743155711e-07,5.240215858454343e-08,0.000927190168338805,8.239522599098136e-07,Treat
3.4364208597052763e-06,4.112215341591913e-05,0.010047263777083164,1.4727666848298564e-07,0.001965356210712722,2.7381685999357364e-06,2.2378094357087553e-06,3.8512745643328745e-05,6.612749897444825e-08,0.053744933654902204,1.4472141324433236e-06,0.6150928802462527,7.401985998990237e-07,1.8982569033616512e-06,6.541765375923816e-07,0.000801442661570751,2.366464793660984e-05,6.510572298603007e-06,1.4942509044437225e-05,7.613653116431433e-07,1.4716895615800428e-06,0.004116551120413517,0.06916415115305916,3.5770419815705427e-06,1.8928814165466804e-07,1.819983805540112e-08,1.1458947273090222e-05,3.7491940313589964e-07,0.0,0.0024826903455790863,0.01853797981216244,0.000710506018750686,0.00538645610969239,0.00028933259221821555,4.508473102877474e-05,0.0010344302333409848,1.7106990073413897e-05,0.0,1.1621808945533287e-05,5.782885107505603e-06,4.4339082615104147e-08,9.407759949332114e-08,9.04869774169736e-07,0.0004627746683589093,0.0,2.276713733423208e-05,0.00010022289647081725,0.0007827843404487903,2.614907012744989e-05,0.0,0.00021435830781245518,3.956235746985629e-05,0.002743042730083941,6.347696545138801e-05,0.0019607474520478892,2.7741932307172592e-05,2.705458102623299e-05,1.26516925031682e-06,1.2796619671526024e-07,3.334617244809371e-06,0.0016948461844458924,7.439110510967748e-08,3.427966891454168e-06,0.00037015537414707215,2.3627971438032066e-05,6.88496780569649e-08,2.0920741693787855e-05,8.624707484303175e-06,1.6605376122289375e-05,1.3668325985519483e-06,0.0,0.02441462195043249,2.4554532792203663e-06,1.130911453444268e-05,0.0055877546214401705,0.0002777416979429465,0.039917826870363944,2.900240662865141e-05,0.02594120272285313,0.0019217698440192766,1.596695836631284e-05,0.0011955890562369753,4.904742127293724e-05,0.0033020565449054374,0.0003796311743365105,1.1893563977207072e-05,5.575322065403154e-06,0.0012683712149029463,8.425687552838866e-07,0.0008912516950437722,1.7091031409247822e-05,0.08381207654152356,0.0005107197000280486,2.410495135429476e-05,0.0023667370330210467,2.142010033640824e-05,1.3394188502492033e-06,0.01259693827866102,0.0002815292014518867,0.001989765535809675,3.298776475695127e-07,5.0768876950120996e-08,0.0009274546441849831,8.20761817239476e-07,Treat
3.423483416962356e-06,4.092664751654586e-05,0.00992335146944787,1.4871438504208762e-07,0.0019719715231591283,2.746067660753096e-06,2.2406582714888654e-06,3.884479673021856e-05,6.643293870327022e-08,0.05346448176713431,1.4429173218863251e-06,0.6137092460696092,7.424586842630088e-07,1.907474491468906e-06,6.592264069397127e-07,0.0008101327780366314,2.419255379348791e-05,6.699420039559986e-06,1.560125889520538e-05,7.563828724132673e-07,1.4625018359769142e-06,0.004089191499574515,0.06946303325979952,3.512371643967805e-06,1.8178385944643724e-07,1.8147456184772723e-08,1.1227687530973593e-05,3.7172561204829075e-07,0.0,0.0023892535911826177,0.01927519191062834,0.0007042083388924783,0.0053987317205232465,0.00029075730940016054,4.56701243566279e-05,0.001033818816373166,1.6241615759401373e-05,0.0,1.1656895394885655e-05,5.7260183629592345e-06,4.484077263380563e-08,9.403290440925525e-08,9.193179032736747e-07,0.00048593542984172336,0.0,2.296862132981808e-05,9.469002723482285e-05,0.0007922850850473902,2.651334032075251e-05,0.0,0.00021190494381967024,4.053087896715471e-05,0.0028605487785409024,6.390319810200502e-05,0.0019717864089638004,2.7846124217919493e-05,2.6474321424033176e-05,1.317740786644477e-06,1.2022953766483865e-07,3.3204204605294516e-06,0.0017597563996913956,7.362874178269952e-08,3.4608728180180533e-06,0.0003641639284407539,2.421122541431487e-05,6.908556732502452e-08,2.095989630010549e-05,8.693970872556852e-06,1.6953710624528248e-05,1.3741288015237339e-06,1.7593905394730621e-06,0.02422460329444517,2.4867360032765513e-06,1.0847253287960546e-05,0.0054500105393045575,0.00027594345800953314,0.040410132821143446,2.910809695258475e-05,0.026177375074938367,0.001986248713973495,1.5822162619669096e-05,0.0012475041936881113,4.9407677970791544e-05,0.003289117781433347,0.0003763264054827842,1.1731139743218707e-05,5.670299689380656e-06,0.0012665572221969312,8.340291971756519e-07,0.0008796298887822307,1.7157385960020032e-05,0.0839483281905153,0.0005094585034762014,2.448531110205064e-05,0.0023722472982189487,2.1804332110213293e-05,1.3285035148410683e-06,0.012584443628821157,0.0002808482638612161,0.0019866275882059743,3.4958412458233225e-07,5.175898954434326e-08,0.0009501635586938145,8.319065585995938e-07,Treat
3.47662968026106e-06,4.256864348645005e-05,0.00980491359101425,0.0,0.001977961721132675,2.6904005254778695e-06,2.317128856813399e-06,3.910096592998299e-05,6.655808621586048e-08,0.052296955190959914,1.439653573063151e-06,0.6197418277189652,7.657866828923303e-07,1.8857768566600889e-06,6.738324988296457e-07,0.0007938483950937908,2.386393138993121e-05,7.178116102781751e-06,1.4428215861685072e-05,7.398946827656194e-07,1.4014449399433276e-06,0.003850981885944602,0.06876138169690009,3.7725494309189522e-06,1.9297520525913927e-07,1.8228559616388383e-08,1.1834600644771346e-05,3.553355336333954e-07,0.0,0.0025882826836019007,0.017967009297530853,0.0007223336979758564,0.005290232187062011,0.0003109642596873194,4.634095342189653e-05,0.0010327573583023605,1.5938055139692077e-05,1.76443228792273e-05,1.1834600644771346e-05,5.475039351747504e-06,4.407212040300765e-08,9.30126008027948e-08,9.294948376685523e-07,0.000455910663218483,1.1596719224775928e-05,2.0439381050827334e-05,0.00010211518591939473,0.0007763446641661804,2.4501786259526604e-05,1.564325324550855e-05,0.00021974393091833818,4.049931175421751e-05,0.00270565869009339,6.51795090787407e-05,0.0021796560017147987,2.8971854252646805e-05,2.5988545134497838e-05,1.1693361358583932e-06,1.240734465340063e-07,3.2005733650515633e-06,0.001777193235705617,7.356500297788861e-08,4.102107135809763e-06,0.00034422861438982816,2.40854937745346e-05,7.477297500460006e-08,1.954460340602299e-05,9.046593986136284e-06,1.8257398984647223e-05,1.4793232517452502e-06,1.7584011306421448e-06,0.02375177160706724,2.333328542259583e-06,1.1358837804780511e-05,0.005677644108305041,0.000290958427259174,0.03907081391404793,2.7356363299471412e-05,0.02619063938293751,0.0021233327404670543,1.6116466204688664e-05,0.001178072297651016,4.971721677903947e-05,0.0032168780724576374,0.00038902062124609966,1.2001243522518129e-05,5.7223220655741665e-06,0.0012263863710500493,8.036190752946486e-07,0.0008858617536447276,1.5809952041281463e-05,0.0839629702055906,0.0004982806251951432,2.4744625945849073e-05,0.0023357691759724086,2.1274346117002802e-05,1.3695746810982509e-06,0.01256898414357421,0.0002832573008595273,0.0018864260612960967,3.2439860456680214e-07,5.312618510438791e-08,0.0,8.402780933770691e-07,Treat
3.4019236327841096e-06,3.8490391161608786e-05,0.010123088828972452,1.536627536575651e-07,0.0019846457104491866,2.7669289547787637e-06,2.3395112253142456e-06,3.909745800487183e-05,5.698039987565332e-08,0.05346984156036356,1.45461834942458e-06,0.6172462697085781,7.332198862486446e-07,1.9364942042495238e-06,6.336171914755812e-07,0.0008017102313507182,2.299375430902295e-05,7.2692735978291655e-06,1.471783901526671e-05,7.185918473432178e-07,1.5210230011573336e-06,0.004188152532859513,0.0693517415967357,3.0934885845342294e-06,1.6015013159904313e-07,1.782708888649755e-08,1.1104093260743096e-05,3.8039494865361174e-07,0.0,0.0020766170776248508,0.017419517326855975,0.0,0.006121699692052523,0.00031873816538254625,4.6039160270688604e-05,0.0010300119417379584,1.7314857287938396e-05,1.7752198315999126e-05,1.1292298231264153e-05,5.9966218936356855e-06,4.360379813986863e-08,8.697948155202225e-08,9.022033505871217e-07,0.00048465176263291884,0.0,2.714200308932097e-05,0.0001120513013618332,0.0007281604524897544,2.61604909024287e-05,0.0,0.0002477151216588833,3.85820189568194e-05,0.00273768888133112,6.549532974133232e-05,0.0017767384526658494,2.8371224055532784e-05,2.4843056108781198e-05,1.199847121200784e-06,1.2484365719956893e-07,3.175982213490017e-06,0.0018517846862499776,7.796264107604561e-08,4.434404212223498e-06,0.00039969885358254263,2.1643571609923016e-05,7.54481870400945e-08,1.815237091740664e-05,8.526063832628607e-06,1.712665231741734e-05,1.424832607730859e-06,0.0,0.024141190099258275,2.57679592857198e-06,1.2986142965953872e-05,0.0058727956173154966,0.0003219310088168575,0.04049673586997478,2.7854335637118316e-05,0.025164098153736318,0.0019959446580797994,1.7503062258459552e-05,0.0011513646300212767,4.516919292505682e-05,0.00334958807074845,0.0003624640581714919,1.1089394728750022e-05,6.187631115137725e-06,0.0012142613646929832,7.662633513311865e-07,0.0008470454878091098,1.6425147450764668e-05,0.08401414116561183,0.0005209958787053514,2.5399229378159904e-05,0.0024555532916468205,2.2093723494565717e-05,1.1914115748822206e-06,0.012655537640674149,0.0002802372011058735,0.0019561489730573743,3.5692508074600537e-07,5.6172585134381406e-08,0.0,7.622508126997427e-07,Treat
3.4197612080334957e-06,4.000825309656072e-05,0.009972912920684456,1.4960617801591483e-07,0.0019648910168235246,2.7347230422649665e-06,2.1775907208670034e-06,3.864481780699985e-05,6.677818988470195e-08,0.053668940944217446,1.4500418720139175e-06,0.6151770071065683,7.466955211766783e-07,1.9006887516098227e-06,6.553301891508007e-07,0.0007954780414059711,2.39495152267794e-05,6.492700190790014e-06,1.492387112642064e-05,7.535263497309309e-07,1.4601977992924256e-06,0.004068522240453387,0.06987320283258985,3.595002684153422e-06,1.8555315178952297e-07,1.7867307444346684e-08,1.1097970422873958e-05,3.7741012304552263e-07,0.0,0.0023614442487663615,0.0186280585092771,0.0007098187215499707,0.005397953295229296,0.0002907988128855654,4.52011688260981e-05,0.0010387587508476057,1.64066041091451e-05,0.0,1.1536873207959317e-05,5.69156855528347e-06,4.365992363628821e-08,9.370865262366128e-08,9.129250136924115e-07,0.0004703107717379888,0.0,2.2577694773121824e-05,9.859946505249515e-05,0.0008014947102560687,2.6929820884883274e-05,1.4809629587865006e-05,0.0002127509697459301,3.939152496141542e-05,0.0028000558360476127,6.341100237853009e-05,0.0019469511813061651,2.792977844349223e-05,2.64229926687728e-05,1.2493269039837925e-06,1.258369691758149e-07,3.3402505527349855e-06,0.0017419654864424983,7.315191105401585e-08,3.5273683866158893e-06,0.0003634688259061401,2.316779701272265e-05,6.509213176797527e-08,2.0671466572934336e-05,8.601094576730282e-06,1.6594705302753122e-05,1.3781327376190577e-06,0.0,0.024008196620943882,2.455788834901549e-06,1.0909869229265927e-05,0.0055454118087139605,0.00027754602544721713,0.040089663907094654,2.92183854071144e-05,0.02587449530861255,0.0019782203861296965,1.5586273903687786e-05,0.0011701369121154177,5.019689352756573e-05,0.0032521087534974967,0.00037579705198421677,1.1763298090680024e-05,5.579827824160572e-06,0.0012658123898110058,8.327785472030254e-07,0.0008918525612012743,1.7847236920907365e-05,0.08353020958328063,0.0005149143645019673,2.4268004307073943e-05,0.002332613815941233,2.1391734647530854e-05,1.3468985996448403e-06,0.012571528047834865,0.0002821674655115163,0.001995800977512272,3.404854888473428e-07,5.035850556405431e-08,0.0009325451462803544,8.452759546603943e-07,Treat
3.3900172223922247e-06,4.132575252168668e-05,0.009839616997512589,1.445470378485504e-07,0.001962119099807048,2.7464494318688533e-06,2.239573553924575e-06,3.851948871590416e-05,6.780809711033208e-08,0.053333876048721605,1.450900386066489e-06,0.6157452175886607,7.449784477224536e-07,1.888225141792276e-06,6.65331332862021e-07,0.0008050641017627649,2.3615549824513518e-05,6.778490136484824e-06,1.5190550567818074e-05,7.567637699709175e-07,1.4901221529890001e-06,0.003974721089944011,0.06875022489467153,3.497054308780941e-06,1.853546564193454e-07,1.8096702499818238e-08,1.0813375058289679e-05,3.694622569611325e-07,0.0,0.002398424698787946,0.019053816514919435,0.0007341656895074872,0.005480250530125617,0.00029217054526956427,4.566307170064682e-05,0.001022417321106222,1.694517189602361e-05,0.0,1.1329224633527534e-05,5.777382965160045e-06,4.378521209516524e-08,9.615233095536304e-08,9.28125892828752e-07,0.0004891751068007771,0.0,2.2143521023000454e-05,9.431129081156588e-05,0.0007924178991859938,2.6142867152624657e-05,1.5044765920527822e-05,0.00020426403729648622,3.9516024065396905e-05,0.002726157431451891,6.319643947207437e-05,0.0019874728350231293,2.7662114790516506e-05,2.6600318662741264e-05,1.258635977980763e-06,1.2443966031452631e-07,3.4299250738977683e-06,0.0017415859177913136,7.530425762711845e-08,3.4598162612073913e-06,0.0003710540650297462,2.3213230885707264e-05,6.946385127886162e-08,2.0722014409956077e-05,8.72722028404005e-06,1.6984103939437845e-05,0.0,0.0,0.024932728338017948,2.4623057895819953e-06,1.115403043816378e-05,0.005535500702827943,0.00027174887332156463,0.04004961905434339,2.847878975747573e-05,0.025725757130310778,0.0019525817469861755,1.540735618116335e-05,0.0011936906813532272,4.8178403725052885e-05,0.0033192400067229835,0.0003834067962530955,1.1894088870979113e-05,5.453284542630985e-06,0.0012748978925083477,8.519863430410323e-07,0.0008829454963868456,1.7302148059272523e-05,0.08333758346936475,0.0005156399441923502,2.4248834740356795e-05,0.0023460202342387732,2.1476460846267074e-05,1.3540161807966875e-06,0.012524521131542019,0.0002837075333700136,0.0019884088349656145,3.41384571315606e-07,5.103857717361386e-08,0.0009589264358517234,8.468529881098018e-07,Treat
3.4063150778750565e-06,4.060669618038289e-05,0.010000949191320163,1.5237165523339096e-07,0.0019530782647021717,2.7422890343043633e-06,2.2369503036651447e-06,3.8593012159816104e-05,6.592403598326885e-08,0.05340009418351973,1.4360345638439968e-06,0.6160048533322434,7.425365900993093e-07,1.8906592644146546e-06,6.599215591111541e-07,0.0007954296038233451,2.37793187198786e-05,6.679944425258785e-06,1.5044680550517977e-05,7.514650485131107e-07,1.4733601753871468e-06,0.004061990049719523,0.06884622032345854,3.5496164989261054e-06,1.8659466745919672e-07,1.794456908334822e-08,1.1148311917121625e-05,3.6774954612982356e-07,0.0,0.0024383143887940343,0.0187959825602877,0.0007049948823055221,0.005449046663683589,0.0002895510622558164,4.4608784884060425e-05,0.0010332662241474742,1.661087848089711e-05,0.0,1.1307725338243456e-05,5.606721806997284e-06,4.4189511243257976e-08,9.336645790873998e-08,9.251585585781858e-07,0.0004726368276877942,0.0,2.2567271794983027e-05,9.596427371492196e-05,0.0007930702081659634,2.6106604599055503e-05,0.0,0.00020943473387749573,3.9662059175117186e-05,0.0029084649653817237,6.213403777259442e-05,0.0019517764322928475,2.770465138041982e-05,2.632446960792203e-05,1.2609187514795776e-06,1.278606143557783e-07,3.3832515868841844e-06,0.0017477214306850122,7.551021588710783e-08,3.4384913811235196e-06,0.00036388918034398296,2.324247679956621e-05,6.900572327084486e-08,2.003550848851636e-05,8.64244828833048e-06,1.7221963261864258e-05,1.3742423464974406e-06,0.0,0.024225659896769527,2.4594951339550372e-06,1.0898564224030686e-05,0.005584330157053522,0.00027571188439534596,0.04019325902894272,2.9146087161778875e-05,0.02577910586215204,0.0019733123583757024,1.604230394556251e-05,0.0011575041296722057,4.923217822313243e-05,0.0032608858550215603,0.0003812389505162705,1.1864466895266071e-05,5.568500071802509e-06,0.0012759451037212103,8.236101091755335e-07,0.0008861501467357663,1.684474518983909e-05,0.08353152787612907,0.0005090377170257836,2.4295444890750837e-05,0.002294326389224612,2.1058471554960665e-05,1.3544645279168385e-06,0.012499272299187236,0.0002794304721037933,0.0019658727571062904,3.39204071254258e-07,5.1863658369594704e-08,0.0009017875640624089,8.340763675101174e-07,Treat
3.4246734807217173e-06,3.987354569074746e-05,0.009839453019280414,1.47568911926446e-07,0.0019497808983861074,2.721324614085554e-06,2.194061443798919e-06,3.8737618985524375e-05,6.600626865496581e-08,0.05357091185601852,1.449192013768379e-06,0.6166714999658539,7.475277851327415e-07,1.8935075844298071e-06,6.507169813530173e-07,0.0008086444390222834,2.3665718606251776e-05,6.819929255066311e-06,1.5067820351082939e-05,7.512534134441086e-07,1.5108375384645728e-06,0.004144958794840084,0.06866932224383886,3.480854059802548e-06,1.8273562391638704e-07,1.7682862789692307e-08,1.1582164319326118e-05,3.8141477996299027e-07,0.0,0.0023626031231815544,0.018735211207805462,0.0007474550637907545,0.005428230500334239,0.0002971125615585259,4.485530947642721e-05,0.0010350480333922005,1.694175408277892e-05,0.0,1.1772929378703186e-05,5.6217709173606865e-06,4.45593100563703e-08,9.313872678327013e-08,9.147781250362392e-07,0.00047780030215061097,0.0,2.3054562557091957e-05,0.00010260201947430194,0.0007916692997524235,2.6243821740025898e-05,1.4941054312350598e-05,0.00022026128955478786,3.977905690535608e-05,0.0028128836939515294,6.259819162704005e-05,0.0019270207512195952,2.7721294362750715e-05,2.59349640248439e-05,1.238114130680632e-06,1.2877724198072258e-07,3.322761380121562e-06,0.0017289777205506866,7.399423767788156e-08,3.5424256152776735e-06,0.00036636231944178266,2.4036397481519092e-05,6.56047335342798e-08,2.0443657231247687e-05,8.604498307578171e-06,1.7032594587244233e-05,1.3864946839216645e-06,1.7727230685534704e-06,0.023966412333327837,2.4800482450221706e-06,1.0937196737622394e-05,0.005524115223255457,0.0002763527658145091,0.03996618188286965,2.9568584203455972e-05,0.025940424244688527,0.001950841434865857,1.5161280195259048e-05,0.0011418862341076815,5.014395846484708e-05,0.003262776491434264,0.00037900758037185577,1.1669616024928052e-05,5.583793462840871e-06,0.0012645134207716902,8.050630536528961e-07,0.0008840507050572469,1.7538936457620586e-05,0.08356306976695199,0.0005089055766468537,2.4401442864087127e-05,0.0022971212911556244,2.1243763378892606e-05,1.361693338495452e-06,0.012492975890159838,0.0002818962534567272,0.0019698422707248105,3.401124726885606e-07,5.0214990286667065e-08,0.0009121701291727784,8.303150624686357e-07,Treat
3.4305495581824255e-06,4.115309715661502e-05,0.009989862304536828,1.4577127936668283e-07,0.0019584518390540055,2.7334061445909162e-06,2.2494435635190666e-06,3.829645420472206e-05,6.641145770384403e-08,0.05323141661673489,1.4454172433906952e-06,0.6158360722253804,7.407627575104834e-07,1.9009569319738537e-06,6.573679056563936e-07,0.000811379617855948,2.352405770156016e-05,6.592141649411526e-06,1.4934033085517043e-05,7.591898907618334e-07,1.4807575365926785e-06,0.004122076602909257,0.06962099367750031,3.607401737921412e-06,1.8424418853717947e-07,1.7676570231654606e-08,1.077368978837097e-05,3.7223169664066073e-07,0.0,0.002349467264939273,0.01837092480049988,0.0007329637524177444,0.005409933190977612,0.00028991765531098077,4.6054622273263154e-05,0.0010281253861024312,1.671341474104425e-05,0.0,1.1520825002543745e-05,5.748765934649905e-06,4.3859174771990955e-08,9.30403305096619e-08,8.992458175493056e-07,0.00046905020446278247,9.989197813489583e-06,2.353341467513486e-05,9.399255499822762e-05,0.000781306792528903,2.664284173740003e-05,0.0,0.0002182378157245141,3.9463682012604294e-05,0.0028661629814060625,6.354384996539181e-05,0.0019938874712497998,2.767971334290078e-05,2.665778444168346e-05,1.2554654056780826e-06,1.2446049465908617e-07,3.27580812670594e-06,0.0017530062438058272,7.513472350007531e-08,3.4850178260291436e-06,0.00036245723158963853,2.3400274907890302e-05,6.97504249062746e-08,2.0550785926305916e-05,8.64101038963388e-06,1.7057096939563733e-05,0.0,0.0,0.024438073884236883,2.4588615126903988e-06,1.0967944944055903e-05,0.005573107580255015,0.0002668684324709346,0.040032394158936085,2.8398609490705974e-05,0.025774097005721936,0.001953140727322757,1.5943865470446286e-05,0.0011889214327365847,5.048392642165224e-05,0.0032400986629245137,0.00037680372892377344,1.1857083509335391e-05,5.5055966677454976e-06,0.0012547024403033863,8.179063075279818e-07,0.0008942549828846154,1.668231382044097e-05,0.08343918165325243,0.0005142079396913936,2.449121423694441e-05,0.0023445553259823573,2.13749135174613e-05,1.3375152616493601e-06,0.012524284918953698,0.00028073605672540846,0.001983502001980958,3.3845386904552455e-07,5.052974539602251e-08,0.0009082430469998926,8.46930460565333e-07,Treat
3.3997313175340333e-06,4.013415809535829e-05,0.009736978194710257,0.0,0.0019655399751964935,2.716811096571827e-06,2.2146300742099206e-06,3.660659486983867e-05,6.887322708513381e-08,0.0532780676835199,1.4526499447795083e-06,0.614541246445332,7.393563421612254e-07,1.9128368500454397e-06,6.70118794612856e-07,0.0007867544612625841,2.3032173370931254e-05,6.419604997511649e-06,1.5219591721052e-05,7.458409870875204e-07,1.439607258242558e-06,0.004098595323007965,0.06884286733554464,3.788108075873261e-06,1.8686416635139674e-07,1.7170999352169593e-08,1.1744445687501978e-05,3.7336975391176163e-07,0.0,0.0023928138234589995,0.01971566115718094,0.0006871997792381109,0.005330039180954642,0.0002980156457558902,4.593191871637143e-05,0.0010377071886094045,1.6806024973698133e-05,0.0,1.2891209744530804e-05,5.772729626344438e-06,4.4837025848155244e-08,9.272042477670953e-08,9.102886201333947e-07,0.0004553078423315009,0.0,2.1905084118913818e-05,0.00010201968725910649,0.0008277041141138246,2.6217398958969156e-05,0.0,0.00021535132496625052,3.898997793897975e-05,0.00295561835395753,5.8564054084816483e-05,0.0019669307344933854,2.747986892482025e-05,2.613831178262235e-05,1.2392649723896186e-06,1.320001341331382e-07,3.4146673657725527e-06,0.0017010805050938467,7.299586656985284e-08,0.0,0.0003844984531100678,2.2856193964229487e-05,7.397765744225486e-08,2.069436968964518e-05,9.101589983536609e-06,1.83482249124611e-05,0.0,1.7882075512124677e-06,0.02417569680887095,2.545427678254056e-06,1.146764057028815e-05,0.005582055921999152,0.0002792904410239549,0.04042907878651358,2.8550470661200212e-05,0.026652603975063072,0.0019640319588317186,1.4275235330600055e-05,0.0011721224722414877,5.203936203620427e-05,0.003273033965094479,0.00037837783100783394,1.2016910753432804e-05,5.928627824576724e-06,0.0012654862149146713,8.59123700487165e-07,0.0008898600775880286,1.5821846613894417e-05,0.08339228893160587,0.0005026666011129585,2.504308766537361e-05,0.002233942062573739,2.1541071907165483e-05,1.3560789909250477e-06,0.012640119895797391,0.0002849115527894005,0.0019755373025382435,3.5099923548352567e-07,5.155342816118192e-08,0.0008838995009305936,8.025993411481465e-07,Treat
3.41876156970571e-06,4.083167938867787e-05,0.00984207277130507,1.488263349946457e-07,0.001953796580087868,2.7054815308236297e-06,2.2351230185185225e-06,3.801921605415752e-05,6.596078198938692e-08,0.05349942088486878,1.440555982734852e-06,0.6151788577035877,7.436771177055418e-07,1.8880724167768479e-06,6.560695834783508e-07,0.0008019226031659867,2.3743047693129105e-05,6.468212812147618e-06,1.4834513147022379e-05,7.562384328834971e-07,1.507113578548899e-06,0.004025823045749793,0.06971925569651918,3.6164246079995554e-06,1.846199043735492e-07,1.8692052818825615e-08,1.083594516552828e-05,3.8262681256979145e-07,0.0,0.0024343488346858957,0.01812949911982189,0.000703824540407195,0.00541867884915218,0.00029155209645449146,4.435727601173269e-05,0.001039925986678725,1.6899347368051165e-05,0.0,1.1572280365534728e-05,5.756695493349818e-06,4.3377769472559075e-08,9.376637587454588e-08,9.163413162526643e-07,0.0004732992732688877,0.0,2.233594033253556e-05,9.78907945642864e-05,0.0008155151764562297,2.6626244454557256e-05,1.4911456462639986e-05,0.0002203093085748077,3.997118363492256e-05,0.0028289662310321696,6.369754007957752e-05,0.0019103720377497812,2.7966382144834622e-05,2.5871728138501168e-05,1.2963452991316576e-06,1.2099143498495287e-07,3.296119286266714e-06,0.001739368697896046,7.314486492870337e-08,3.5077132647839948e-06,0.0003626500067005858,2.3044564592797036e-05,6.857817492200337e-08,2.0945404978663828e-05,8.76961063677593e-06,1.654481560508507e-05,0.0,1.7977094853790616e-06,0.024377313286112746,2.3935863527505863e-06,1.0499594518611725e-05,0.005757705380762288,0.0002778883471442068,0.039645656149877424,2.9117057353344742e-05,0.026273172911760918,0.002059893296968248,1.5663031476682194e-05,0.0011837515655990737,5.088894382267372e-05,0.0032979663525134467,0.00038119083126120527,1.1697596090420703e-05,5.587793547721401e-06,0.0012669750012706373,8.442466763396996e-07,0.0008982688729916105,1.738062397590175e-05,0.08362483556006475,0.0005069552791206914,2.4072818714505434e-05,0.0023574588098750206,2.1604040552356512e-05,1.3485797732304164e-06,0.012668315228331783,0.0002835799575827629,0.001997548678387772,3.3146953766750776e-07,5.2116296838708304e-08,0.0009268910709488026,8.162664517895091e-07,Treat
3.42019697330619e-06,4.006886827580101e-05,0.009997699724091032,1.452987676959959e-07,0.0019528248624546953,2.732342044656974e-06,2.2243574902299428e-06,3.8707049353431315e-05,6.684494110920224e-08,0.05348166522366511,1.4466277659710107e-06,0.6149891879277931,7.449134529549579e-07,1.8842661028968063e-06,6.608420094388438e-07,0.0008052471291958553,2.372661352117037e-05,6.817292533382085e-06,1.5189102356706408e-05,7.558712804159548e-07,1.484889408613123e-06,0.003964079539837748,0.06985211119882355,3.4599920066984696e-06,1.8661102310337897e-07,1.785236350627209e-08,1.1248885755300416e-05,3.656891102493308e-07,0.0,0.002410879074803103,0.018760480109884858,0.0007124537649341371,0.005463357374943019,0.0002874038258546713,4.55354529209523e-05,0.001034483130735365,1.644286244130544e-05,0.0,1.1693543140076854e-05,5.652030548896054e-06,4.4229944029921e-08,9.285551741029859e-08,9.12088675366361e-07,0.00048641496150566215,0.0,2.1996003480942406e-05,9.82041868196659e-05,0.0007921121632386465,2.6187481724702803e-05,0.0,0.00021728667577700512,3.967857599472675e-05,0.002843164753316866,6.325487818329585e-05,0.0019371404379177452,2.7416563992076948e-05,2.6651060700320776e-05,1.2824789348875548e-06,1.2399593395935705e-07,3.319612946703475e-06,0.0017703767658458164,7.289110417103471e-08,3.592423569218246e-06,0.00038273845011480804,2.2876203327431893e-05,6.665909675699735e-08,1.9905883141708306e-05,8.638030107556308e-06,1.7095657325338896e-05,1.3953949005927566e-06,0.0,0.024085680307994486,2.418572413904367e-06,1.1021826665201863e-05,0.005573979232725754,0.00026119034354883024,0.04036293182345512,2.8987877169251997e-05,0.025969268183557364,0.0019949602700534558,1.5733302784747375e-05,0.0011768416398009963,4.940427368728257e-05,0.0031808192891129967,0.0003747255314617335,1.1688031758916198e-05,5.553183043127464e-06,0.0012546224370719946,8.225127418633478e-07,0.00088867697387589,1.660229285617173e-05,0.0833699851583386,0.0005143909634223909,2.4049832536474218e-05,0.002291859049700957,2.145388443276936e-05,1.345265900156671e-06,0.012538846815727188,0.00028293454785367143,0.0019907757448360155,3.3627592306169626e-07,5.047391872008599e-08,0.0009386137812258071,8.377546634310361e-07,Treat
3.4345258830577057e-06,4.01341988398206e-05,0.010020793777653421,1.4532619188342325e-07,0.001967857906640341,2.742328576362141e-06,2.227306916404539e-06,3.788962318890247e-05,6.563435727175962e-08,0.05359484823562602,1.4486503606144795e-06,0.6148354026957564,7.407090192200762e-07,1.8973290718502728e-06,6.551441280187562e-07,0.0008168470950206503,2.3586398896337874e-05,6.612993948444424e-06,1.5013659702293966e-05,7.569560961717603e-07,1.542346559957851e-06,0.004099518053940353,0.06905127621584817,3.560284416546852e-06,1.8347910969519718e-07,1.7875874853370038e-08,1.1478110854563062e-05,3.7608870484984365e-07,0.0,0.002396418643646594,0.019234980603842936,0.0007043365937966185,0.005539003624986364,0.00029086349806811587,4.3980434904340957e-05,0.0010302841550872087,1.7240822734553802e-05,0.0,1.1440260530228068e-05,5.66614294174311e-06,4.576274920542247e-08,9.332585000776002e-08,8.988730204773587e-07,0.0004433737567858629,0.0,2.3364802382771362e-05,0.00010336655554740941,0.0007941053632473283,2.671286639936637e-05,0.0,0.0002093292970382662,3.950627602456771e-05,0.0026914125335089564,6.31343409906384e-05,0.001941259462342905,2.7774820408158254e-05,2.714814512921786e-05,1.2839910151439215e-06,1.216908110425056e-07,3.2986608222244187e-06,0.0017161475538087108,7.395255316376176e-08,3.4961654208915005e-06,0.00036291162636403876,2.4337758547350462e-05,7.023516447326462e-08,2.0112454917759485e-05,8.690800530547333e-06,1.6578442058692856e-05,0.0,0.0,0.02423603662348688,2.528281607828544e-06,1.0844117921953184e-05,0.005729697978571054,0.00027028991556579375,0.039924777263060436,2.838774325118634e-05,0.025498825429928495,0.0019953368056925646,1.5537558139482664e-05,0.0011784420557277519,4.94703739057341e-05,0.0032115717989255194,0.0003796664627233672,1.1726999552173226e-05,5.428813046736659e-06,0.0012775305891056811,8.146970403770171e-07,0.0008838003250114765,1.8041090688874086e-05,0.08416435990038157,0.0005060544581088401,2.4308489913605342e-05,0.0024170248707053557,2.1487719363884476e-05,1.3353984607444518e-06,0.012541213440652163,0.00028296902472782514,0.002006924824942575,3.407795169311045e-07,5.087570210305736e-08,0.0009404179590984696,8.40090312142874e-07,Treat
3.434248692488651e-06,4.159938637140577e-05,0.009952374374349782,1.4340977531620607e-07,0.0019782121132430617,2.735512069135994e-06,2.198509992997021e-06,3.821019297758928e-05,6.620698456004727e-08,0.05337080863974145,1.4480878644345726e-06,0.6157259230076081,7.453874008031316e-07,1.9025497941446129e-06,6.649918258413209e-07,0.000798004780056543,2.3692873827030265e-05,6.924643672188248e-06,1.4697287169371428e-05,7.549036453186975e-07,1.4265086720722455e-06,0.004054779374074728,0.06909604852357083,3.5519470644077154e-06,1.88739086715042e-07,1.853251793399691e-08,1.1676025153702019e-05,3.671368731365325e-07,0.0,0.0024123961394594898,0.01897306167110624,0.0007226144638986135,0.005438194527492717,0.00028850509290264574,4.4374126411421735e-05,0.0010376619369389217,1.6994189077008956e-05,0.0,1.1788222704826666e-05,5.769043794029407e-06,4.414998794107623e-08,9.382416766293071e-08,9.230507072768402e-07,0.0004890657951014301,0.0,2.2642735826625198e-05,9.822985349507047e-05,0.0008034300961541309,2.6194388269227635e-05,1.4789543704057408e-05,0.0002098148681312432,3.926914289361657e-05,0.0027895510330772995,6.35486929569841e-05,0.001954021332582957,2.8235852380896592e-05,2.653846075934315e-05,1.2900200541223978e-06,1.2972355378462284e-07,3.332974040271715e-06,0.0017289818198282202,7.483452366065818e-08,3.5783708924822953e-06,0.0003645819591622647,2.3546526062686628e-05,6.946617533806162e-08,2.0173329144283865e-05,8.665090712240244e-06,1.6881991525884306e-05,0.0,0.0,0.024007909661034152,2.5243224562416435e-06,1.0860722948863071e-05,0.005629451369024411,0.00026483271061336183,0.040212771208965215,2.841589978149517e-05,0.026026552157541724,0.0019540366669079955,1.5812374871829657e-05,0.0011908163397124358,4.924724510696601e-05,0.0032414528873780588,0.0003737958580345141,1.1552515429066766e-05,5.56592452348987e-06,0.001259327463905221,8.259234816288374e-07,0.0008909235893696481,1.7072843979480224e-05,0.08337262586631487,0.0005145153942951158,2.4274929975752444e-05,0.0023482239387978294,2.1332708639083003e-05,1.3499737225255534e-06,0.012545978366579247,0.00028140641789402694,0.001976586660356986,3.473201468440281e-07,5.012203015790995e-08,0.0008970564902000411,8.478922498072823e-07,Treat
3.417401266583596e-06,4.023217813915768e-05,0.009943416387745907,1.5015589523703913e-07,0.0019621616819600033,2.7112100246196003e-06,2.1966401981450567e-06,3.789778621116598e-05,6.597755962605601e-08,0.05354582904394332,1.4460659233502879e-06,0.6160390282174806,7.488210759028042e-07,1.8971087084807569e-06,6.649046052546872e-07,0.0008078881892188368,2.3634711795356585e-05,6.781321218930797e-06,1.5250670007526227e-05,7.540759067827107e-07,1.4761785434522609e-06,0.004123182911986224,0.06890894829788925,3.61071567181772e-06,1.8561286239165523e-07,1.8165162088605506e-08,1.1034220553272287e-05,3.6666781898001216e-07,0.0,0.0023946781105484904,0.018590619492106525,0.0007042139713180034,0.005382878361788424,0.00029458071479257264,4.618155053499192e-05,0.001037798661727525,1.6998664095581534e-05,0.0,1.1561434759244214e-05,5.732368554180953e-06,4.4392325736101535e-08,9.305417475179086e-08,9.109596163682969e-07,0.0004684682576124445,0.0,2.25807132916752e-05,9.828775580185708e-05,0.0008020669886038151,2.660035311949553e-05,0.0,0.00021246474664138624,3.942390673546063e-05,0.002731049444804248,6.336688724101661e-05,0.001950128191737876,2.7393227334151954e-05,2.663763089163506e-05,1.2418751525933707e-06,1.246645377444996e-07,3.3299262317557152e-06,0.001761533847982165,7.57972638728884e-08,3.41873042490526e-06,0.0003614690779316371,2.351694882396248e-05,6.689231522939318e-08,2.0868779047634136e-05,8.655414223235427e-06,1.6535354641848603e-05,1.3700468772739378e-06,0.0,0.02438063471750064,2.480650837899449e-06,1.1183331641829988e-05,0.0055470800155208045,0.00027954688101829183,0.04012855830303134,2.8442940142387595e-05,0.025818359115223927,0.001957858947975017,1.5912283307518124e-05,0.0011794263823547025,4.9313167144450285e-05,0.0032289019109012517,0.0003766789574803964,1.1877758011385695e-05,5.683338943019206e-06,0.0012640612206562733,8.233543769964953e-07,0.0008875054275465459,1.6874415696899342e-05,0.08346212175985962,0.0005096692237189558,2.4192866041548044e-05,0.0023580785970622542,2.1279034429940606e-05,1.3424292696314697e-06,0.012548447827639109,0.00028405662370248173,0.0020247373184618554,3.3921670593106306e-07,5.187768613509652e-08,0.0009316864709346607,8.311201928685175e-07,Treat
3.438440633179314e-06,3.882215105359451e-05,0.009636417146722255,1.5895804714389088e-07,0.0019787481179375085,2.666187859727959e-06,2.343432779774144e-06,3.8623048116507055e-05,6.388676071364671e-08,0.052475563185800246,1.435527589014806e-06,0.6187540625989006,7.517527366372412e-07,1.8946734020907188e-06,6.582639278605731e-07,0.0008223369939724793,2.4004540443840555e-05,6.599593159600624e-06,1.4726854774019658e-05,7.566534642901412e-07,1.4858271760453308e-06,0.004027212178827607,0.06857976281030155,3.5258905216403897e-06,1.8577015326857988e-07,1.61294256680162e-08,1.0935463913639913e-05,3.9543855974399045e-07,0.0,0.0025397677128309133,0.01909705374035395,0.0007477793910335935,0.005521127031925826,0.0002767929741078154,4.41927911408315e-05,0.0010267174105251038,1.771069699056891e-05,0.0,1.0994895782735762e-05,5.771927783402076e-06,4.431716210929093e-08,9.744286272931331e-08,8.982269807058566e-07,0.00046968869266127903,0.0,2.226851279340822e-05,0.00010204910265592067,0.0008519376597366594,2.567456744941536e-05,1.5896609518662357e-05,0.00019520153322631943,3.94033292105611e-05,0.002621135052545972,6.329494058710044e-05,0.0019377897831694137,2.7445131048056442e-05,2.615002240218234e-05,1.2922175008240045e-06,1.2081384148858003e-07,3.4243850510858424e-06,0.0017270863565701287,7.782860111285594e-08,3.6732717770277366e-06,0.00036380474656646687,2.4129338852922828e-05,6.750481932512153e-08,2.3990336311136396e-05,8.946269946532676e-06,1.5095694750350728e-05,1.4060545397615107e-06,0.0,0.0243304295823364,2.6779478567428286e-06,1.0222281484489444e-05,0.005872669186495829,0.00030498070567847914,0.039083364273760086,2.9894230155222116e-05,0.025960439781089625,0.00214296812918807,1.4917399143063087e-05,0.001242235093971869,4.8674700789516696e-05,0.003367221974127529,0.0003601539012598341,1.1595832294322544e-05,5.636778197518149e-06,0.0012917035327986311,8.218727610398679e-07,0.0008790558761804034,1.508155159681794e-05,0.08189273626782248,0.0005111394112773146,2.4102316040509078e-05,0.002286293399014177,2.2195955964998412e-05,1.3829590530222642e-06,0.012858934889126301,0.00027944864848877625,0.001960963133896362,3.2418867184951633e-07,5.506273026300243e-08,0.0008992605110263813,8.287931484976079e-07,Treat
3.4245149426977224e-06,4.0741789682176226e-05,0.009927237467250234,1.4835246587004492e-07,0.001969246715841143,2.750839267478398e-06,2.243985847655378e-06,3.829735372518768e-05,6.56687042765781e-08,0.05352658366701796,1.4455775939644716e-06,0.6158678583084529,7.421669105867948e-07,1.8986442860783288e-06,6.602496539417919e-07,0.0007963732526890768,2.385488984879251e-05,6.720124976077029e-06,1.5099560685241683e-05,7.511258717096257e-07,1.4797521288477582e-06,0.0040827090382858375,0.06914815754563773,3.509490087839024e-06,1.8533889561997426e-07,1.7970561333276682e-08,1.1571532978354989e-05,3.7019682692258145e-07,0.0,0.0023864965031647647,0.018780276414867597,0.0007159483356583178,0.005402685373651904,0.00029197011774827116,4.55274504276367e-05,0.0010334704047044974,1.7216452646077676e-05,0.0,1.1317456359259906e-05,5.633300296717549e-06,4.3746282628387926e-08,9.326590791245157e-08,9.175257686980432e-07,0.00046970150422530376,0.0,2.254930559408314e-05,0.00010113208818764442,0.0007919169138004506,2.6788513100249136e-05,0.0,0.0002156958639489792,3.981270153125685e-05,0.0027385742925717547,6.214382698781501e-05,0.0019442036313974754,2.766321591871731e-05,2.6479202433524596e-05,1.2491310115535688e-06,1.238039785630974e-07,3.3857227155140456e-06,0.001701403806103846,7.32170627559394e-08,3.6194030097564574e-06,0.0003649039663934344,2.385558517112907e-05,6.780269673790972e-08,2.0746968668747673e-05,8.755113300479587e-06,1.6752486645990857e-05,0.0,0.0,0.024348634071073696,2.479768054446179e-06,1.1273269121156357e-05,0.0055214746138566185,0.00027246731782374896,0.03988242036244008,2.9649636767451024e-05,0.025958463977792195,0.001960364072085522,1.5758273788662054e-05,0.0011649517451868575,4.9003647056785585e-05,0.0032620314543543158,0.0003776933908472882,1.156955130500874e-05,5.4706217281912285e-06,0.0012547246238343323,8.245010808139592e-07,0.0008940045252483102,1.6953053301410508e-05,0.08361058253981307,0.0005131708420601994,2.4070983748717068e-05,0.0022845387598976106,2.140648768559389e-05,1.3216893666312316e-06,0.012528961781351792,0.0002811192088144903,0.0019862868357825654,3.3714289520126803e-07,5.136813161366472e-08,0.000929764636403353,8.357122467959699e-07,Treat
3.43041023229293e-06,4.126317474586523e-05,0.010127015351128827,1.5370780680557235e-07,0.0019613152439365124,2.7221914738499504e-06,2.1775662931189507e-06,3.787021787504114e-05,6.501579536334695e-08,0.054088261604292066,1.4374941037419127e-06,0.6138903132921025,7.444395124004017e-07,1.8752109391549035e-06,6.530201249172964e-07,0.0007972034692846121,2.372862125587257e-05,7.307023187508544e-06,1.475227455456829e-05,7.644549849899869e-07,1.4710924708176284e-06,0.0038411555837472955,0.06966422424788878,3.545053426689126e-06,1.8699735416743457e-07,1.8249617651961248e-08,1.1854105083971908e-05,3.6192719449013334e-07,0.0,0.002464704871728082,0.019082294932604868,0.0006929581718253229,0.005584318923474607,0.0002908702237540853,4.572465652880233e-05,0.0010247786611296363,1.6196384219009763e-05,0.0,1.153715040258228e-05,5.6757587042882005e-06,4.430286698295565e-08,9.43149532238816e-08,9.126917662933931e-07,0.0004700178498471526,0.0,2.2299478287213587e-05,9.91384002404299e-05,0.0007847373468213846,2.6212152150921835e-05,0.0,0.00022160046435929114,3.833566871407494e-05,0.0028276238218752497,6.147336045551744e-05,0.0019964715426608955,2.8138033425238116e-05,2.732149353578554e-05,1.2506785925811931e-06,1.2292745362211378e-07,3.2814687769642395e-06,0.0017449530141226484,7.324157661920386e-08,3.5716279168847592e-06,0.0003566929377837758,2.4025164849333445e-05,6.834382914004022e-08,2.1540726176187593e-05,8.564829517378603e-06,1.6243927421218198e-05,0.0,0.0,0.02420880612135189,2.464483788197896e-06,1.0760611433177715e-05,0.005716377705557636,0.00029002739957195787,0.04011978473463669,2.900135334715056e-05,0.025900079051769522,0.0019803992114067687,1.6132993282731816e-05,0.0011507072304376199,4.923890975387796e-05,0.003222647053400253,0.0003821284304198969,1.1909953016066254e-05,5.594905992464546e-06,0.0012866238362980575,8.438042961677682e-07,0.0008934343217954253,1.740545216217476e-05,0.08347239294715549,0.0005258575157693975,2.449038151854101e-05,0.00235759304959439,2.1338781318113575e-05,1.3481254546737826e-06,0.012529104009545012,0.0002805841317001643,0.002017781336133386,3.4051724463435445e-07,5.1570062457934405e-08,0.0009441779976890741,8.314883356917996e-07,Treat
3.4924095410229876e-06,3.978672732470699e-05,0.010016278242378092,1.4279360882988184e-07,0.0019585980175858297,2.768119773364017e-06,2.2771984079517273e-06,3.932468466877487e-05,6.721245645025073e-08,0.05364352589293355,1.4656061319222072e-06,0.615259263050059,7.418383758730062e-07,1.8789506474332819e-06,6.756557309180064e-07,0.0007894905779257842,2.3975629347778688e-05,7.131450600522004e-06,1.4615249147482127e-05,7.495268959332121e-07,1.4267553067307897e-06,0.00406721994807276,0.06906595241093967,3.4536228363823355e-06,1.844068540523125e-07,1.809833433671913e-08,1.1393207392320281e-05,3.9084460541840786e-07,0.0,0.002401531474172756,0.018879419309169514,0.0007360387172297426,0.005343559931237854,0.0002878138890864893,4.5250968655767416e-05,0.0010405714565822736,1.721687288095988e-05,0.0,1.1287322565254125e-05,5.693156077930056e-06,4.402702159457343e-08,9.504320743937062e-08,9.094195626429273e-07,0.00048453223614738,0.0,2.3204985521985332e-05,9.538299506689644e-05,0.0008311205845867101,2.6322968008650823e-05,1.5522152524447053e-05,0.00020099312617118556,4.032094214679892e-05,0.0028019152280897137,6.391208161714243e-05,0.0019655995326505627,2.733411510820551e-05,2.6682976420675796e-05,1.2434920122587913e-06,1.2302893396120992e-07,3.364372012589302e-06,0.0017628581415492666,7.418148379909415e-08,3.6012076864259026e-06,0.0003694956992435306,2.371820126282292e-05,6.984532472660645e-08,2.061430692271883e-05,8.526514753472196e-06,1.7068634123067224e-05,1.4114171041458908e-06,0.0,0.023812465392886145,2.512118288723488e-06,1.0779075395336497e-05,0.005388759614049695,0.00027966424436116764,0.04051619062882028,2.7868886483816866e-05,0.025963262379489396,0.0018827725953564237,1.5416830820834923e-05,0.0011397528173337655,5.0168231063953044e-05,0.003260416127399942,0.0003770243533779476,1.1805985349513955e-05,5.6427997973654e-06,0.0012967128100217075,8.399068964689342e-07,0.0008923995623256937,1.6406062880825372e-05,0.0837365028698273,0.0005143850641774801,2.4123321203429644e-05,0.0023642225767890913,2.129570870614875e-05,1.3692460906626725e-06,0.012564583498267492,0.00028624904149069443,0.002020419443369881,3.4199363067400253e-07,4.946733038978569e-08,0.0009740269548276547,8.377100838303085e-07,Treat
3.3501443266132205e-06,4.2954415104188675e-05,0.010136546422094904,1.454359620345184e-07,0.0019822062120939876,2.7402904138397363e-06,2.1269580314496034e-06,3.911448208042055e-05,7.00885221274244e-08,0.052972279519757,1.447078016863319e-06,0.6154399960697409,7.449790759681685e-07,1.9288390475506273e-06,6.572283414227808e-07,0.000795610956320187,2.360608069729471e-05,7.023426697639915e-06,1.6195578510930973e-05,7.407806316601045e-07,1.6144940411756527e-06,0.003987734727129176,0.06843734333165957,3.659836863729667e-06,1.8189122273026298e-07,1.8452500105943532e-08,1.0628355241081896e-05,3.7842503752510477e-07,0.0,0.0025529911541924957,0.019131039119679276,0.0007433816246667019,0.005647644299945961,0.00029413173232116263,4.0111457528181346e-05,0.0010150240252987308,1.5675339573439163e-05,0.0,1.1875257252605412e-05,5.684670413884933e-06,4.1815953147092675e-08,9.264116302921644e-08,8.70702513348131e-07,0.0004464020726390449,1.045022638229278e-05,2.0327022894503734e-05,9.221939334755535e-05,0.0007552842521419947,2.618494224199495e-05,0.0,0.00020864162259237666,3.942585407864999e-05,0.0027840742199955987,6.608580661074918e-05,0.0020867105328474557,2.6639594986339884e-05,2.4522406226630195e-05,1.3189011414493611e-06,1.2641826079547893e-07,3.303833176538103e-06,0.0017200365682456375,7.537553300154345e-08,3.4265323297003514e-06,0.0003548105864703008,2.3513009360158804e-05,7.140884439953017e-08,2.0468162117135767e-05,9.17385616199695e-06,1.6981617871225787e-05,1.4288207960898527e-06,1.7969284349017791e-06,0.024703323713119868,2.736110992584282e-06,1.0747107813607907e-05,0.005337807513731232,0.00024572215862533734,0.04057138914383077,3.188506572324559e-05,0.026093145614927763,0.0019205706003318336,1.4606566420704669e-05,0.0012108032300456556,5.088547732741425e-05,0.0033156191025526323,0.00037197527475271133,1.1405573930195803e-05,5.55996283926442e-06,0.001218349674374956,8.586164866954507e-07,0.0009026219264153663,1.6901051419611177e-05,0.084103667519002,0.0005131000637345952,2.4705485508883396e-05,0.00237200729686872,2.1834378901254422e-05,1.314267334848543e-06,0.012498823915161173,0.0002843530349136366,0.0020289941035352564,3.3781603711347776e-07,5.1934542689166237e-08,0.0,7.883934059242407e-07,Treat
3.4170924360918395e-06,4.156353361959686e-05,0.009882987559450501,1.486218390011347e-07,0.0019751109403778784,2.7217075638684914e-06,2.2477208009572965e-06,3.8483617650740575e-05,6.614325351246963e-08,0.05319707630255793,1.446346033495276e-06,0.6160955421040012,7.486937991388302e-07,1.8899686278170795e-06,6.609458929953787e-07,0.0008014204990362251,2.3659614205852636e-05,6.503405707095146e-06,1.4880914013950677e-05,7.580482904921123e-07,1.5059935941755187e-06,0.004103006350878677,0.06911395035072113,3.5442376898585654e-06,1.8810656087663317e-07,1.7832263167593418e-08,1.1207338462133311e-05,3.676817836734116e-07,0.0,0.0024631212184360236,0.0185537319624652,0.0007050442602779777,0.005434098207282637,0.00028921447961692564,4.434221148623642e-05,0.0010272847378793566,1.6579407112153523e-05,0.0,1.169183622937993e-05,5.737553279800857e-06,4.421040157397257e-08,9.322685686914284e-08,9.091515350462268e-07,0.0004734016539632292,0.0,2.2740481483119104e-05,9.77135074350151e-05,0.0007920986917141819,2.633325227254699e-05,1.4933208834590213e-05,0.00021061495834251608,3.970219615778064e-05,0.0027213481813487027,6.334142787838484e-05,0.0019576974597851652,2.7685613054001417e-05,2.664205304727555e-05,1.2362255236848055e-06,1.2383791500420336e-07,3.4181842037191726e-06,0.0017708682260646955,7.455991948984474e-08,3.516105971736538e-06,0.00036637302754428475,2.29630645069743e-05,6.946378576860845e-08,2.0397934481665258e-05,8.695706021049699e-06,1.6914828643324284e-05,0.0,0.0,0.024488019138933816,2.455047274966526e-06,1.1138124495383768e-05,0.00552204973061787,0.00027664167963506106,0.040025405498786006,2.8846251680683328e-05,0.02597621542709478,0.001960224502785249,1.5610411577660294e-05,0.0011372736040248805,4.906205412283065e-05,0.003303663048462201,0.0003746462308782003,1.184510470467167e-05,5.593114576259078e-06,0.0012671370222017216,8.289548972985855e-07,0.0008851809409194729,1.7113520721641953e-05,0.08343481036400914,0.0005191716755406597,2.4122055709090082e-05,0.002339623972913145,2.138348712984013e-05,1.3482751887492628e-06,0.01250424553442028,0.00028270710926404577,0.001993984939228155,3.3726373171233695e-07,5.058547432945182e-08,0.0009525240153972422,8.233297340306274e-07,Treat
3.4250533253954636e-06,4.084500913251736e-05,0.00990480863458672,1.4534200967214382e-07,0.0019605992943267946,2.741451694214921e-06,2.2331055399691532e-06,3.8932449164395415e-05,6.642202438554787e-08,0.0535611595670598,1.4434549519109875e-06,0.6148601007225234,7.468037353328816e-07,1.8939143220998254e-06,6.624579745957957e-07,0.0007969153100820675,2.3995569260087534e-05,6.710791081893221e-06,1.4854328330073384e-05,7.557107036580678e-07,1.4237158873094706e-06,0.0040683674372573595,0.06932850777953048,3.625510164321657e-06,1.8354141142516218e-07,1.7902608367754136e-08,1.1412101533255916e-05,3.8161562028951125e-07,0.0,0.00238037261725847,0.01862100870101478,0.0007079886613808338,0.005435098947813453,0.00030213233745303344,4.508711479902751e-05,0.001041564229573633,1.7771447143460997e-05,0.0,1.1704485239472296e-05,5.732913361377719e-06,4.477693725265408e-08,9.500470954724587e-08,9.036842118876841e-07,0.0004557036935976417,0.0,2.2486972595094066e-05,0.00010075596511975102,0.0007894163188098446,2.7082040788287118e-05,0.0,0.00021117380911636057,3.9608855201492756e-05,0.0028222070669385387,6.353863415713514e-05,0.0020027628393728034,2.7593738540904073e-05,2.6451588421758114e-05,1.2318401206298923e-06,1.2581297718254345e-07,3.340736814795052e-06,0.0017323636451248028,7.510570620833382e-08,0.0,0.0003660242825775523,2.397546390973862e-05,6.915045065820885e-08,2.1280865566022936e-05,8.775190235658311e-06,1.672069319924605e-05,0.0,1.8529779056453005e-06,0.024829076977275866,2.4935679930295458e-06,1.1037484909666216e-05,0.005573279881463977,0.0002784674705216021,0.04031349308070589,2.8854617007223554e-05,0.025977716453758206,0.0019331408353583685,1.5578569346838523e-05,0.001141221175918305,4.8709298057475914e-05,0.003251256525637744,0.00037610921844533687,1.1840171106470547e-05,5.6084710930243825e-06,0.0012601553337157805,8.408622438554799e-07,0.0008754687140757221,1.8156399715917402e-05,0.08343021792798791,0.0005138228116905192,2.4279640101312455e-05,0.0023166535110132214,2.1533366030799094e-05,1.3363207725467197e-06,0.012557252320215593,0.0002830182906265828,0.0019781864797408996,3.376286061651181e-07,5.1037898991701394e-08,0.0009489068658966119,8.21487082978345e-07,Treat
3.4392365667400263e-06,4.0319653593825415e-05,0.009845428158724917,1.520250777604388e-07,0.0019657811440442633,2.7436274310428255e-06,2.2031107888072392e-06,3.8301312803746967e-05,6.693746135893507e-08,0.05362207745323758,1.443647677166749e-06,0.6163870786243666,7.454053189537567e-07,1.8893067399838902e-06,6.657867211025426e-07,0.0008025303553266018,2.3857709514087872e-05,6.5738298521800664e-06,1.4806659022181616e-05,7.616704517794237e-07,1.4770213950053073e-06,0.004016756986220714,0.06901809006400804,3.641035031713265e-06,1.8863521921333835e-07,1.8072646990575603e-08,1.1566849924134279e-05,3.6742491447113966e-07,0.0,0.002398826751526427,0.018427658625458906,0.0007329798705155525,0.005475190503154479,0.0002878273498435696,4.574838872154202e-05,0.0010354289866964443,1.6615245675275343e-05,0.0,1.1789151441585072e-05,5.778015727081868e-06,4.4472682575348944e-08,9.371606850937603e-08,9.082160581115472e-07,0.00048139684378289174,0.0,2.2017169305822196e-05,0.00010277490662713299,0.0007996001688001621,2.6482564643414607e-05,0.0,0.00021769123264554053,3.922546130503057e-05,0.002830846635308047,6.396546889229846e-05,0.001993949738557354,2.7630916887156234e-05,2.6518419726874448e-05,1.2550456997675157e-06,1.3081237199840148e-07,3.354534196031394e-06,0.0017691758587345373,7.42636338134271e-08,3.5016430199963203e-06,0.00036027962094855676,2.3061989681348878e-05,6.685946500544212e-08,2.092865379616485e-05,8.761001290149644e-06,1.70885327769448e-05,1.3785580521476164e-06,0.0,0.024312821328664504,2.527807317481179e-06,1.0778038088018448e-05,0.005642105479516329,0.00027368286491112295,0.039954000672708205,2.8805974051610196e-05,0.025550570795511922,0.00197729508903015,1.5883801972695152e-05,0.00117977577149019,4.957323839153136e-05,0.0032767699930390387,0.0003743166462371753,1.1804526902351063e-05,5.507699761752217e-06,0.001241327446938079,8.434204709328213e-07,0.0008934958278527776,1.7003419276914338e-05,0.0835129123081473,0.0005142134128566216,2.4077130770594538e-05,0.002265741141817411,2.1305713799634126e-05,1.3695310344342284e-06,0.012587734556693715,0.0002832121332323365,0.0019663486699229237,3.415326756585844e-07,5.019293875979751e-08,0.0009099563439049086,8.295522734443122e-07,Treat
3.4043287429124756e-06,4.07723020908205e-05,0.01018693042563539,1.418336712284452e-07,0.0019590775477988324,2.7199042074235856e-06,2.256869608956054e-06,3.8344492875824834e-05,6.740002899025365e-08,0.05358141511656753,1.4406890886686074e-06,0.6157273281011979,7.423596383026946e-07,1.8851776039144546e-06,6.55263865199252e-07,0.0008033328587196104,2.3851031772562767e-05,6.630623841393214e-06,1.5054743373379753e-05,7.544264117504961e-07,1.4694311185212953e-06,0.004091197432929927,0.06853044911829465,3.423916429413716e-06,1.929072475022434e-07,1.8242716322968933e-08,1.1437415277858077e-05,3.696509029062123e-07,0.0,0.00241112822099248,0.01902591286220593,0.0006722302650986938,0.005332660920858112,0.0002993514651346858,4.389185281864558e-05,0.0010299772380878008,1.675166642307585e-05,0.0,1.1785555044596769e-05,5.739173691037742e-06,4.524634356169768e-08,9.21935249401748e-08,8.934136682599334e-07,0.000477347585307926,0.0,2.2246760700598236e-05,9.594917993599385e-05,0.0007692345819287625,2.69705925173483e-05,0.0,0.00021427337559856233,3.949338471503888e-05,0.002852150061956607,6.418058993877722e-05,0.001977155112128586,2.756389293235761e-05,2.6284552388774954e-05,1.3234337911733398e-06,1.2938034907330062e-07,3.2518997654101334e-06,0.001769875188919763,7.382737412975415e-08,3.451015961531132e-06,0.00038396361475227537,2.3673504138234358e-05,6.82268198164126e-08,1.9989567016827738e-05,8.58070061123996e-06,1.667999058874732e-05,0.0,0.0,0.024477298254181778,2.4701017437042206e-06,1.140669706314578e-05,0.005614299623595147,0.00027590598068531953,0.039786684956746435,2.889560063931544e-05,0.025973616498713877,0.0019003350209804227,1.5922274625845347e-05,0.0011573612634689964,4.9384649852380716e-05,0.003283039728579514,0.0003738314339293352,1.1995784698731526e-05,5.373931171231804e-06,0.0012933904797895,8.35217945737815e-07,0.000887408216334293,1.7157504979415737e-05,0.08344784505267193,0.0005014222059816364,2.392324044450397e-05,0.002297297837717051,2.1078997590952364e-05,1.3214230269171438e-06,0.012609231442508147,0.00028049825794238366,0.0019864413329402923,3.409287357936011e-07,5.131706900223652e-08,0.0009533593709473499,8.416670129359745e-07,Treat
3.4631016065261456e-06,4.173203848576304e-05,0.010024454060701127,1.4540054970244672e-07,0.0019738896976022055,2.685716943508337e-06,2.163096338548227e-06,3.8452985127421136e-05,6.907007974909898e-08,0.053018141494378314,1.448097168520563e-06,0.615667139654639,7.397386249484948e-07,1.897766030969111e-06,6.495656153548296e-07,0.0007840953467144698,2.38612022811119e-05,6.560898004847178e-06,1.5092004392539823e-05,7.585479849644499e-07,1.5237837495447757e-06,0.004212389635551399,0.06989519722100612,3.573319713775732e-06,1.832769833288768e-07,1.817106196597278e-08,1.151985405436869e-05,3.8009043408211926e-07,0.0,0.0023841365915696446,0.018995378277098542,0.0007028571782079181,0.005472490779627891,0.00030128164640149714,4.553842666046575e-05,0.0010418186695504768,1.681403467915017e-05,0.0,1.144910776539608e-05,5.857490649916629e-06,4.3708472310298114e-08,9.45232638003404e-08,8.90434649626754e-07,0.00048476818981706143,0.0,2.2820958546383667e-05,0.00010438461628694946,0.0007748713419815755,2.6730306183473618e-05,1.4775929434008064e-05,0.00022424765135029408,3.973583230626653e-05,0.0027479101908538307,6.184404761019819e-05,0.0019203784059747308,2.7763545205280548e-05,2.577523128234378e-05,1.244664650647451e-06,1.2779255777289154e-07,3.2624795271586138e-06,0.0017380572494269642,7.340048544011804e-08,0.0,0.0003738987028435793,2.255627513409131e-05,6.603240546450946e-08,1.905941211737437e-05,8.771440002957332e-06,1.729746765379614e-05,1.3708678585320626e-06,1.7431703930544654e-06,0.023983079051866113,2.4781685619779593e-06,1.1260450994802553e-05,0.005759869953306135,0.000270871694521266,0.04004849510588503,2.9182844201189785e-05,0.02566317415440299,0.0019569699705579476,1.580000453720982e-05,0.0010965938836982997,4.900359616167469e-05,0.0032256697881951992,0.0003770375167213301,1.175986911856396e-05,5.660579392623602e-06,0.0012607621780445363,8.421817059118788e-07,0.0008881839123798734,1.7192818159092542e-05,0.0833122413155307,0.0005086867537245644,2.3836873744708807e-05,0.0023060215440532193,2.1426292753487523e-05,1.3432982170266889e-06,0.01254562349887524,0.0002834803799131334,0.0020070911955131485,3.3980059889722707e-07,5.173734059477671e-08,0.0009407058736655516,8.52807347746588e-07,Treat
3.416212343385433e-06,4.138315478465265e-05,0.009825658793126368,1.4792604750547465e-07,0.0019538333459307358,2.749771836267447e-06,2.1565990887892334e-06,3.875866670556641e-05,6.365310933094431e-08,0.054035634691278214,1.44569131707011e-06,0.6155973171267628,7.418980185611937e-07,1.8814070451985781e-06,6.648647506648921e-07,0.0008117685034997084,2.3743365883790208e-05,6.785437010891906e-06,1.4842639955031978e-05,7.611946299317156e-07,1.460598766567034e-06,0.0041533726523889005,0.06922583920786932,3.645027157770969e-06,1.907817955063725e-07,1.827288122437619e-08,1.1806029431239216e-05,3.547770546918393e-07,0.0,0.00238556931529541,0.01858890190186293,0.0007331102211829832,0.005454995392445323,0.0002893107221826775,4.59258229901896e-05,0.0010359770698210727,1.663370633932476e-05,0.0,1.1334151237215805e-05,5.774379185159148e-06,4.378884588200229e-08,9.306448778442625e-08,9.056680520068274e-07,0.00047488481264722584,0.0,2.2553529209716023e-05,0.00010194695867194576,0.0007958957157142433,2.5699212412966555e-05,0.0,0.0002155389965440971,3.8939025587584495e-05,0.0028043342708127944,6.316815593455504e-05,0.0019336506990340597,2.767343409313533e-05,2.6724640026901977e-05,1.2441311134638464e-06,1.2310892031807225e-07,3.367583230149661e-06,0.001711809734590825,7.419426885247463e-08,3.5108443285446763e-06,0.000364468865095979,2.319462815238079e-05,7.154430041635045e-08,2.0195430512472892e-05,8.614280213120764e-06,1.6824272533064994e-05,1.381368934591616e-06,1.739308668701578e-06,0.024447845170558945,2.491370797819601e-06,1.0971168011043927e-05,0.005535211624236473,0.00027439560508255104,0.040207589263229246,2.9238298868141986e-05,0.025872252663142793,0.001979282936593893,1.5199922595945936e-05,0.0011823319189871067,4.969240366292535e-05,0.003249501476900016,0.0003778591709953801,1.171033245619514e-05,5.698248082702097e-06,0.0012795015180336277,8.201490285522805e-07,0.0008863409255119552,1.685053043049542e-05,0.08290024893778912,0.0005150092810958147,2.415081562656399e-05,0.002374065578234136,2.139804427718056e-05,1.347992334868704e-06,0.012501428811398204,0.0002811486578314012,0.001993148031299484,3.3088695389318203e-07,4.982408746473158e-08,0.0009354039818132043,8.382201031460387e-07,Treat
3.4048430942979716e-06,4.0114343300856434e-05,0.009930899680279359,1.4434823779104772e-07,0.001976074547575216,2.7252042572795593e-06,2.2002654411721394e-06,3.846916505441042e-05,6.589757109661125e-08,0.053321400219153825,1.4464768043839628e-06,0.6164209206052722,7.408461882962471e-07,1.8878876635840044e-06,6.549006461342869e-07,0.0007930826474272177,2.380813599658428e-05,6.558934049960116e-06,1.5273895405506055e-05,7.689007095591494e-07,1.499203453982377e-06,0.0042505260145643,0.068873005318602,3.637901341030928e-06,1.868309692524512e-07,1.7737349535857157e-08,1.130008744533222e-05,3.679723006791527e-07,0.0,0.002354405979292137,0.019584913958129117,0.000718727389876368,0.005256673332112087,0.000302994079536015,4.482655369257637e-05,0.0010328813468414215,1.6268033334276167e-05,0.0,1.141377041761934e-05,5.602201465758352e-06,4.412982702737278e-08,9.235111073087382e-08,9.001386922496073e-07,0.0004784917687023083,0.0,2.292208096910579e-05,9.799358204988326e-05,0.0007717709349886362,2.5771929817473143e-05,0.0,0.00021057931626306407,3.928883522240279e-05,0.002754941156792623,6.343509853617108e-05,0.0019453198400566098,2.7979611902911195e-05,2.7079283998774113e-05,1.270988545149823e-06,1.230891113720662e-07,3.2578476280883772e-06,0.0017053962687295949,7.170198495405809e-08,3.5325792251430586e-06,0.00035717931617945675,2.335048250775905e-05,6.476972336625763e-08,2.0873584907561785e-05,8.738851166020695e-06,1.6029299092473297e-05,1.4047089357704942e-06,0.0,0.02401328277897103,2.5101190804987856e-06,1.1425138714847971e-05,0.0055533581686450844,0.00027516936529062465,0.0399249511520138,2.898915793319648e-05,0.026033347024619194,0.0019310119592702588,1.5517725717181662e-05,0.0011599414388182119,4.9327041675348763e-05,0.0032664025071946264,0.00037729763615583576,1.1625311074205658e-05,5.537857978308233e-06,0.0012657537317436799,8.331340621186044e-07,0.0008884291179342694,1.7354844065647028e-05,0.08295780033808448,0.0005170160461382199,2.428844136886924e-05,0.0023089732828487242,2.1569532071287443e-05,1.3264041058750245e-06,0.012486802286481228,0.00028100157089911776,0.001979718096645273,3.3895301919511054e-07,5.056569345503727e-08,0.000930434562204613,8.217079627286796e-07,Treat
3.461690536775401e-06,3.986372462902011e-05,0.010012553653822137,1.4132627407233706e-07,0.0019665621635176103,2.736477914322845e-06,2.2233817100166833e-06,3.817898883120018e-05,6.360884120871457e-08,0.05369102862951617,1.449021148854629e-06,0.6148824209666511,7.420373384883584e-07,1.892306545567279e-06,6.554188386214621e-07,0.0008061020577711574,2.4088934432123794e-05,6.713909223659994e-06,1.5138951399799591e-05,7.53283495604771e-07,1.4657862299487075e-06,0.004335255599134176,0.06947362129155737,3.5267465922683587e-06,1.877917196151281e-07,1.8155635183559375e-08,1.1891711171946899e-05,3.729830331743037e-07,0.0,0.0024029698281618043,0.018511050270354996,0.0007069059317121556,0.005443430061500134,0.00030244120241676285,4.309726636255713e-05,0.0010394324910565815,1.6410089523986308e-05,0.0,1.1915305836970614e-05,5.65098225592583e-06,4.3333548151383685e-08,9.320688545699476e-08,9.011202242747028e-07,0.0004605831766521031,0.0,2.1417976855740207e-05,9.772187211062488e-05,0.0008160023550369981,2.578896887090868e-05,0.0,0.00021282828701309455,3.9049170614230485e-05,0.0027895382711234334,6.326909426106279e-05,0.0019223378218600588,2.800020301238295e-05,2.7240040769866483e-05,1.2492864763751245e-06,1.3164726250262002e-07,3.271392457840404e-06,0.001696872223612771,7.483588202338543e-08,0.0,0.00036771154239363484,2.4066558324178265e-05,6.886221562562486e-08,2.027063719395002e-05,8.702980681550431e-06,1.663423884171149e-05,1.4274193678050713e-06,1.7625663971157465e-06,0.024270998288387614,2.5156510983705318e-06,1.108949256114093e-05,0.005355370699240605,0.0002744878457563541,0.04058804923305952,2.7936083388065748e-05,0.02573923395899914,0.0019559277784093067,1.5879209560952946e-05,0.0011246722396780259,4.960778321233806e-05,0.0033410811061744,0.00037756491261068477,1.1654102654256115e-05,5.5072331640473635e-06,0.001273547778519261,8.061924901869538e-07,0.0008805640632159169,1.6299115090873048e-05,0.08346285989787745,0.0005076011675797942,2.4314779357007395e-05,0.0023945262406274937,2.1636492961395365e-05,1.3350008472951452e-06,0.012539246436646629,0.00028446907885828994,0.0019763496226255766,3.199149418252378e-07,4.8830673595102294e-08,0.0010101750201006563,8.516329934434305e-07,Treat
3.410000280661306e-06,3.8519219656004826e-05,0.009804320589378513,1.5146006379159297e-07,0.001945576129052782,2.731239110038717e-06,2.2111631132910215e-06,3.83408618718085e-05,6.721499797277733e-08,0.053354793163708766,1.4554641739514776e-06,0.615423493033506,7.425509598989245e-07,1.8885973159883692e-06,6.577472807945777e-07,0.0007965978888235114,2.3789907899604992e-05,6.542621171393498e-06,1.5372667239943515e-05,7.611367832964815e-07,1.5088363800103964e-06,0.004172206098166897,0.06890728029850278,3.5764301875695154e-06,1.8671368383496906e-07,1.8682897064183382e-08,1.1158582504357043e-05,3.5989665043177717e-07,0.0,0.0023340518310741255,0.01939955935222121,0.0006848717787475871,0.005398685807880937,0.00028558005867846477,4.466362566238084e-05,0.0010228763245433985,1.635684898809412e-05,0.0,1.1766407730204173e-05,5.62683183928959e-06,4.387391710608882e-08,9.335808545150055e-08,9.196065775159383e-07,0.00048226939763686106,0.0,2.220479614905302e-05,9.831737661996739e-05,0.0007971860641788345,2.632699709564572e-05,0.0,0.00020879579376709227,3.999852866805716e-05,0.00285127423948637,6.306867119535795e-05,0.0019367031830661143,2.7662911973164673e-05,2.7070902595936157e-05,1.2772638504730723e-06,1.3297444567249655e-07,3.3197394657210504e-06,0.0017287634723165968,7.339400545910965e-08,3.4571896995749292e-06,0.00036927705274716346,2.333323105789133e-05,6.584845758476357e-08,2.0854076993477183e-05,8.695486002319427e-06,1.720054668964307e-05,0.0,0.0,0.024924546888987063,2.493448115186481e-06,1.0686837552953315e-05,0.005378625621377781,0.00028049195135394246,0.04010960616586068,2.8141400754890743e-05,0.026173332346836952,0.0020284326802376914,1.600304027454135e-05,0.0011661411906176348,4.908869100087491e-05,0.0032781966284608816,0.00038096568174247463,1.1875415919061472e-05,5.777841180289116e-06,0.0012392398728799082,8.030414751660131e-07,0.000882721185049002,1.6797049996747833e-05,0.08280465989250071,0.0005184408556854487,2.4507898601462572e-05,0.0023550914023281093,2.1512946367115204e-05,1.3440471204778735e-06,0.012544975971751172,0.00028072453415839427,0.001996588194363222,3.2618192377928515e-07,5.10322352008972e-08,0.0009468388523661436,8.281714545358696e-07,Treat
3.4162394338867946e-06,4.0379022700640346e-05,0.00991979739536288,1.4448124506255846e-07,0.0019617746393728727,2.7431638220418177e-06,2.220156904857053e-06,3.80708708295476e-05,6.657990840058945e-08,0.05340707064506737,1.445545843006122e-06,0.615733715139441,7.412974370652761e-07,1.8959590093369446e-06,6.631324856391359e-07,0.0007912081677928851,2.3763756214156086e-05,6.737265465196026e-06,1.5397461778838402e-05,7.590767020712587e-07,1.474537181223321e-06,0.003973611719653796,0.06944636895470668,3.6157649617143868e-06,1.8638778995810606e-07,1.7886548278789008e-08,1.1301612160232833e-05,3.6816633701501344e-07,0.0,0.0023700125774921126,0.01890729102055371,0.0007025765609064247,0.005459573501172896,0.00029395005022010966,4.463160037632912e-05,0.0010313972156341046,1.687236285377214e-05,0.0,1.1643917951114364e-05,5.682499941375026e-06,4.388020023167452e-08,9.283699343408404e-08,9.077629170987084e-07,0.00048715143673690284,0.0,2.246532463204095e-05,9.880252279115056e-05,0.0007914272226667011,2.613118239100252e-05,0.0,0.0002172043748966705,3.99890458605601e-05,0.002781839711682262,6.290144960504779e-05,0.001931552858226504,2.8079978896369603e-05,2.6202956185864757e-05,1.2541585676355453e-06,1.2646866321698468e-07,3.361623499099905e-06,0.0017317595696590441,7.484069114204984e-08,3.5594233499427613e-06,0.0003662435374421285,2.3613578509680504e-05,6.586244124495095e-08,2.0353577633797737e-05,8.745255264198759e-06,1.707664211607241e-05,1.3629127660611048e-06,0.0,0.023958914964567927,2.5018445355825607e-06,1.1058685469929832e-05,0.005592966352450871,0.0002709300361607078,0.040322415835000076,2.8924839329487046e-05,0.02569617037032914,0.0019419667473829017,1.5398239528524366e-05,0.0011359089400520286,4.965642392239094e-05,0.0032535673827601146,0.00038003861335834276,1.1690953656710377e-05,5.490158501174231e-06,0.0012613730858324122,8.276392999114844e-07,0.0008807185063940603,1.709411774383869e-05,0.08358666594730418,0.0005149485853367194,2.430287941486954e-05,0.0023541187129191387,2.121441611062284e-05,1.3370370638976497e-06,0.012524724534865873,0.00028227529307094497,0.001984902678534851,3.321423821845204e-07,5.0522414162317566e-08,0.0009417111028086935,8.260829549015004e-07,Treat
3.4254855923661354e-06,4.02488481650891e-05,0.010000266579044993,1.4733473325182594e-07,0.0019693871076600054,2.758183114186341e-06,2.287442027540947e-06,3.802782319117764e-05,6.723804972518191e-08,0.053827076545742786,1.4474892830771923e-06,0.6157791652152016,7.469167995263234e-07,1.9086564609866562e-06,6.573978067381651e-07,0.0007946637012393773,2.3557735138455052e-05,6.772501481531532e-06,1.543678585212893e-05,7.548260597354102e-07,1.461824516684827e-06,0.004018084205348981,0.06866091696655624,3.441208114325211e-06,1.836410404601486e-07,1.7620516961578808e-08,1.1139676923165055e-05,3.647811990643869e-07,0.0,0.0024154932177224424,0.018578329132925616,0.0006975935100683508,0.005476138897356383,0.0002934717552516314,4.44313711494887e-05,0.0010323408832744727,1.716961621132566e-05,0.0,1.1409004236283957e-05,5.685378289993563e-06,4.4353847566652246e-08,9.321149318835362e-08,9.231085142578758e-07,0.000486505113712535,1.029428841254206e-05,2.3000125823936123e-05,9.857202075090626e-05,0.0008012981864775106,2.676066108405741e-05,0.0,0.00021807711604399427,3.929934377258975e-05,0.0028398839643499437,6.37782040093904e-05,0.0019425372437516565,2.776351860657368e-05,2.7269390453281875e-05,1.235049102281908e-06,1.3006934912206334e-07,3.3552424474286677e-06,0.0017067267670422552,7.51634987699361e-08,3.5739684187344466e-06,0.00036667896602931525,2.3476364126858304e-05,6.907092459302303e-08,1.9963514680594454e-05,8.577613248085907e-06,1.6817994441420454e-05,1.363366188876319e-06,0.0,0.02441146081060817,2.5133550563988487e-06,1.093020012407264e-05,0.005561084551747325,0.0002787828872910342,0.040341368748391664,2.8997574045794346e-05,0.025959638088490812,0.0019464885960895737,1.5628465475145597e-05,0.00117797506085648,5.0012585783316725e-05,0.003266804256088138,0.00038219171136991343,1.1640376558880449e-05,5.62368579670671e-06,0.0012772446017589568,8.129574703355934e-07,0.0008959377113896011,1.7337382085817192e-05,0.08325751425301726,0.0005136030344356083,2.4368736313212267e-05,0.0023205115864654326,2.1407570019161616e-05,1.3428914727871181e-06,0.012472110997871098,0.00028262908986120204,0.00199238211704402,3.301290179153109e-07,5.21167397872604e-08,0.0009358243843708733,8.299829452088001e-07,Treat
3.4351561140171257e-06,4.085443086274663e-05,0.009883959082504336,0.0,0.0019551130627849475,2.7386800647161742e-06,2.2069366681961856e-06,3.888093564718192e-05,6.785122288103799e-08,0.05336682111354752,1.445885286624169e-06,0.6150101875168884,7.392949003248923e-07,1.9102685358128476e-06,6.611765554117863e-07,0.0008001726641250567,2.3750241909680738e-05,6.797789033545715e-06,1.5058702204752191e-05,7.572972401905905e-07,1.4509451449900007e-06,0.004087229539001992,0.06921126328897517,3.499243196914893e-06,1.8589085906654992e-07,1.771150040707582e-08,1.1250495095337143e-05,3.677800106070051e-07,0.0,0.0023833516246841266,0.019361024687454497,0.0007078508462180714,0.00541189877012963,0.0002960824519098042,4.4914806757838205e-05,0.0010368403469750522,1.6320575524745983e-05,0.0,1.1243806334876218e-05,5.713216086322165e-06,4.402701276085966e-08,9.510376538234006e-08,9.197273984915761e-07,0.00046644493788779634,1.002645193098123e-05,2.2447708763211987e-05,9.984549429926377e-05,0.0007879025408218367,2.6233318527890863e-05,0.0,0.00022388953837039442,4.0159317807612644e-05,0.002731556468464179,6.285428205165489e-05,0.0019500620821412656,2.7629598616929093e-05,2.575172777470163e-05,1.2873481395765173e-06,1.2852738736135548e-07,3.2489310857143803e-06,0.0017585576718717416,7.469597997024407e-08,3.5173975957466035e-06,0.0003629290203346275,2.3718344594569373e-05,6.634460486441071e-08,2.039330772689616e-05,8.743823361137871e-06,1.6561370901340554e-05,1.3943594565745255e-06,0.0,0.024318498531027622,2.5184148621058967e-06,1.072877177938215e-05,0.005672651018246312,0.0002670879160876628,0.04041665353263292,2.9550943716527772e-05,0.02610851268691848,0.0019471768532929145,1.5638321957727848e-05,0.001147199801974551,4.910887930437905e-05,0.00331346610358365,0.0003824958153346584,1.1537593269923819e-05,5.61280845615677e-06,0.0012662487655562523,8.254361522274252e-07,0.000891130867279072,1.761116427602719e-05,0.08310922713675094,0.0005189444880006139,2.4249648472474375e-05,0.002331092981240208,2.1160923287189728e-05,1.3387526517648475e-06,0.012493342034815773,0.00028216536004565965,0.0019865975165156862,3.329494376204279e-07,5.215491769949598e-08,0.0009338672263625436,8.270211629345451e-07,Treat
3.4390881688372396e-06,4.0432024261053055e-05,0.009911779377289117,1.5657547108274202e-07,0.0019575194038679417,2.747279327848042e-06,2.179680614947153e-06,3.9151415929260656e-05,6.646362412228087e-08,0.05401737067872042,1.4431783530498413e-06,0.6154990656184969,7.371814606944464e-07,1.8942753249941785e-06,6.554654042238367e-07,0.0008289418851981077,2.358114943357578e-05,6.582670063052832e-06,1.5357188984298234e-05,7.516203988006143e-07,1.4838421821859184e-06,0.0040588239333250765,0.0691885007546233,3.6468261184029756e-06,1.9077919422919135e-07,1.8387174228342325e-08,1.2061240114516922e-05,3.665485555878275e-07,0.0,0.0024397714121073715,0.018779422593056903,0.0006956891898179545,0.005415307796185582,0.0002892023776197656,4.5010413650500684e-05,0.001035034560827573,1.6338057400021637e-05,0.0,1.1445870720919077e-05,5.571031512238537e-06,4.624093647839397e-08,9.25639134532887e-08,9.28249599542561e-07,0.0004649230709532407,1.007667382016398e-05,2.2787706755253727e-05,9.769907235353777e-05,0.0008165970234959281,2.612243075822665e-05,1.477732415902014e-05,0.00021549084380820553,3.93682569554194e-05,0.0028758616176988118,6.387534305545185e-05,0.0019405215776575147,2.7861564663161216e-05,2.6707031682144582e-05,1.263655052376859e-06,1.249284583363111e-07,3.3141315623995523e-06,0.0017917797612780713,7.438867284774919e-08,0.0,0.00037605004026706015,2.42455541077534e-05,6.727941105676604e-08,2.0526032437512362e-05,8.698260233864397e-06,1.6861121384579746e-05,0.0,0.0,0.024077397733848933,2.4537083569922573e-06,1.1707402713198133e-05,0.005617769688613874,0.0002840915959413472,0.03997474165463315,3.0014642172732756e-05,0.025895054601020713,0.0019442320521282578,1.6307288930341724e-05,0.001189879346359746,4.9998763229821396e-05,0.0033220879943827862,0.00037520927624881044,1.1528418236385944e-05,5.272385041622653e-06,0.0012769014408527402,8.293848402545121e-07,0.0008854540779248259,1.6793115603652668e-05,0.08301207590401723,0.0005111727860588627,2.4176795587751044e-05,0.0024665998271769596,2.1421126649491567e-05,1.3671297413421905e-06,0.012524752332210901,0.00028046998536703855,0.0020258947786159272,3.269487550558522e-07,5.2134412969900054e-08,0.000904660167691747,8.259329242916926e-07,Treat
3.4288575731184606e-06,4.120474241233277e-05,0.009876830973810372,1.4288687019220735e-07,0.00197101294302966,2.7343970794223426e-06,2.2523939908423724e-06,3.8486599767367075e-05,6.781260645893845e-08,0.05329339464643966,1.446061295688938e-06,0.6166870832431551,7.470692137614665e-07,1.8835244636932968e-06,6.463858596142176e-07,0.0007979689581529754,2.3764911973563417e-05,6.775368321365659e-06,1.542275665910985e-05,7.555637614120482e-07,1.4593668836719061e-06,0.004146298898110778,0.06960612300385219,3.6645985695373e-06,1.87290338967523e-07,1.83284117846637e-08,1.1734988734642083e-05,3.650010412807424e-07,0.0,0.002379261772686138,0.01873766110474999,0.0006969595261486828,0.00537354499795873,0.000291939182564842,4.538391573999619e-05,0.0010355026614850351,1.7258655406553207e-05,0.0,1.168266712881879e-05,5.684791221283947e-06,4.363690798389313e-08,9.275028311853856e-08,9.033588845843221e-07,0.000492257673544704,0.0,2.280796175206191e-05,9.912737760093738e-05,0.0007939124077258919,2.604868518485825e-05,0.0,0.00021074866937479975,3.9540184972137844e-05,0.0029252096906461408,6.186656162842814e-05,0.0019212040167578804,2.78944707322068e-05,2.6198175487210394e-05,1.2901054455260182e-06,1.2779195188492194e-07,3.4021919635768663e-06,0.0017359611855578493,7.425334667974751e-08,3.6243194303658837e-06,0.0003565412277401452,2.257303565517136e-05,6.778234915637278e-08,2.0132275944019106e-05,8.669618789823564e-06,1.706431801349542e-05,1.3782948214979452e-06,1.7550330329410173e-06,0.024115343419173357,2.494269310768307e-06,1.0890368526352571e-05,0.005397762814080684,0.00027797961481472705,0.03976225538957615,2.8874051899313526e-05,0.025683375912011985,0.0019698212763114586,1.6234646835441093e-05,0.00115295269571867,4.892817595985153e-05,0.0032774866867820046,0.0003775009984307998,1.2021813251662516e-05,5.459036710079812e-06,0.001253442799739104,8.234994563100192e-07,0.0008908122968972592,1.71610543325325e-05,0.08309420795653552,0.000506228955576036,2.423987320067212e-05,0.002358617806517891,2.1753486699724088e-05,1.3568449838002016e-06,0.012541271908113855,0.0002832841229572828,0.0019799442788083496,3.352360241350049e-07,5.007087798132675e-08,0.0009349738924973665,8.168443951267774e-07,Treat
3.453150292781348e-06,4.183036279230701e-05,0.009828992459498012,1.5134906118804306e-07,0.0019550874548502576,2.723561546316418e-06,2.2248145485802715e-06,3.832626585989248e-05,6.397578809734108e-08,0.05372568702388128,1.446787935331544e-06,0.6162797860121472,7.442884823880288e-07,1.8908855069640638e-06,6.613727312758876e-07,0.0007876945124226486,2.3565110785152267e-05,6.433657493143819e-06,1.4406965942568972e-05,7.647307585264789e-07,1.4969505682466516e-06,0.0038570069733006506,0.06943365788451009,3.4975988628563466e-06,1.878821629082916e-07,1.844155896314551e-08,1.1411410461271315e-05,3.8605511856383116e-07,0.0,0.0023722069635068684,0.018875182424066033,0.0006916572683272053,0.005448662899181742,0.0002863737727881594,4.5064713544891766e-05,0.0010303287693483297,1.6815617808334026e-05,0.0,1.1536560526150664e-05,5.819250532887353e-06,4.3955214509320125e-08,9.503160247601653e-08,9.086141511430754e-07,0.00047785952196751844,0.0,2.3262211691998842e-05,0.0001018995984170496,0.0008195658706430142,2.6247381788786622e-05,0.0,0.00021129521452551507,3.91037066354831e-05,0.0028997272019097996,6.273431434042874e-05,0.0019351232286180851,2.7743605242488325e-05,2.647492736129447e-05,1.2666481684632441e-06,1.2269945395938457e-07,3.286366452655899e-06,0.0017650582054473975,7.340925460201808e-08,0.0,0.00035959347887006975,2.3710248655323492e-05,6.440626138128329e-08,2.115424996194057e-05,8.67703338307762e-06,1.7111427052594316e-05,1.3735187181773117e-06,0.0,0.02384272538709319,2.502802395472562e-06,1.084254653000159e-05,0.005650726831617275,0.000268271904288937,0.03949777838514142,2.941026524664639e-05,0.025869134846056942,0.0019506362203561545,1.588268096105158e-05,0.001111142298555935,5.011691234486553e-05,0.003233614056789643,0.0003743215826821985,1.1717984936712815e-05,5.667569821678394e-06,0.0012429996602028777,8.198158674109883e-07,0.0008871424601446023,1.697138494236898e-05,0.083671290085466,0.0005124712895534172,2.4365643618817738e-05,0.0023643589920551485,2.1405403203615734e-05,1.3485621048731508e-06,0.01246035418639973,0.00028124632761976744,0.0020337147303359205,3.3610664704302845e-07,5.112443268692392e-08,0.0008949792249285302,8.304733717404331e-07,Treat
3.411875909433504e-06,4.1646529160069984e-05,0.009962086610868191,1.5609925242520457e-07,0.0019656691035414343,2.7436074072623263e-06,2.238078083439491e-06,3.8543956763797786e-05,6.887912840768035e-08,0.053978706565519056,1.4440171263101374e-06,0.6161063488164091,7.423421883847409e-07,1.8725341449368242e-06,6.634632625839301e-07,0.0007978381837436173,2.3614428996346853e-05,6.844983157856418e-06,1.515755302091412e-05,7.456652179469696e-07,1.5090288461171954e-06,0.0040053922147571955,0.06918766570034736,3.5751428813469713e-06,1.8934798305704801e-07,1.7475514228665872e-08,1.1373710418356366e-05,3.8040302839712443e-07,0.0,0.002447736211906288,0.018343006252280095,0.0006966191733845732,0.005390914662451245,0.00028364143843365256,4.4769839626866803e-05,0.001012307239429861,1.599279726419785e-05,0.0,1.1484441952332033e-05,5.612082844432003e-06,4.492581652640376e-08,9.350525586497697e-08,9.033891145242528e-07,0.0004733734398550858,1.0044932010648482e-05,2.204554521233141e-05,9.363411650378014e-05,0.0007859459773617299,2.600609169371047e-05,0.0,0.00021737543798998804,3.9499520048172165e-05,0.0028224595924618828,6.22469408848849e-05,0.0019827858657099056,2.7836375870264688e-05,2.6781212431540027e-05,1.3311960868034214e-06,1.2490313586623315e-07,3.345217807809014e-06,0.001725839746520924,7.522162719740465e-08,3.5164898094584277e-06,0.0003530772240682416,2.3016340276367906e-05,6.41835187223005e-08,2.0851540522419467e-05,8.672396018651526e-06,1.7258300509633914e-05,1.3793602942885175e-06,1.758096204795845e-06,0.024072361111256525,2.4599827794111837e-06,1.1468623161764052e-05,0.005488512585116659,0.00027582294205505484,0.03982496380469132,2.8268178744927423e-05,0.025915511410368474,0.001971190281088923,1.5866246939654302e-05,0.0011797113060404397,5.033539158721827e-05,0.003237046702242645,0.0003636590367337013,1.183698846483649e-05,5.492108809714001e-06,0.0012620753460109494,8.611405707564332e-07,0.0008815035295324,1.7394902920656537e-05,0.08364121979573765,0.0005265863505846352,2.3886404079329514e-05,0.0023511595144900034,2.1250015961630467e-05,1.3201105517958098e-06,0.012515495022086707,0.00028043551918862476,0.0019729921588468352,3.309263102880536e-07,5.144309031593287e-08,0.0008839752368337095,8.383422492054651e-07,Treat
3.421362675546793e-06,4.240216591522901e-05,0.009818610449356866,1.509694092810639e-07,0.001955569116809818,2.800391874552637e-06,2.2659084319929077e-06,3.927426994105791e-05,6.549602600962453e-08,0.053355094634542084,1.4431360670882067e-06,0.6165403825687474,7.468855095693895e-07,1.876322006846155e-06,6.605713643615364e-07,0.0008183796730904153,2.3627423093811304e-05,7.325942592564248e-06,1.482853440474544e-05,7.472040355800874e-07,1.42392819085597e-06,0.003978432468916349,0.06907457405981292,3.3670128155368644e-06,1.8431440818343562e-07,1.7952371550846046e-08,1.1653457381433924e-05,3.718802603386722e-07,0.0,0.0023663581237523203,0.01883934386200431,0.0007192929014178578,0.005436244804509089,0.00030524559877166294,4.374270304307224e-05,0.001048795199397725,1.6129060578651295e-05,0.0,1.0745669940488882e-05,5.549389908241544e-06,4.249773985056059e-08,9.424354533755255e-08,8.805978889771238e-07,0.000460535016678502,0.0,2.208027431859064e-05,9.144419827908192e-05,0.0007956381109681793,2.6853619183304227e-05,0.0,0.0002085277944908883,4.068154415583895e-05,0.002868371375884433,6.506513704633931e-05,0.0018874918353305279,2.7205290614497763e-05,2.7212511892515036e-05,1.284973647266428e-06,1.2558397059683942e-07,3.395669204006663e-06,0.0017119866406974545,7.282317121052892e-08,3.5612114559469126e-06,0.00037846045553959216,2.3243580755360005e-05,6.860302727611076e-08,2.0361885108281742e-05,8.667877229640311e-06,1.5791279205276336e-05,0.0,0.0,0.024653046460198554,2.5323746045365275e-06,1.1336787343894911e-05,0.005505380477644489,0.0002749145622796561,0.039620086910406534,2.9745872192826735e-05,0.02579508830536948,0.0020560490411390595,1.5263495809378047e-05,0.00121463366650384,4.8091623034250714e-05,0.0031969876194726196,0.00038216496817698357,1.1942543776486225e-05,5.443616054843255e-06,0.001268849051515802,8.106287695226225e-07,0.0008847448128000192,1.8027589545723727e-05,0.08312337247054614,0.0005159991272375188,2.471597809578042e-05,0.002311461477476987,2.120234821873617e-05,1.3345873381021957e-06,0.01254672997192787,0.0002854674831734582,0.001953091503296782,3.434102739043244e-07,5.154562797410169e-08,0.0010399771629681464,8.224827757869869e-07,Treat
3.4671087667612413e-06,3.9177423784504485e-05,0.010028387896112672,1.4454030187366245e-07,0.0019754112217427334,2.763048583735471e-06,2.3099929017702154e-06,3.9325616057362886e-05,6.802995530209743e-08,0.053806955249458006,1.4326858918702698e-06,0.6125414681831758,7.518914252258e-07,1.9166683760770112e-06,6.578204118170546e-07,0.0008351062414021944,2.3816486976615967e-05,6.520929551686141e-06,1.5186217393216725e-05,7.553746541931793e-07,1.393254247864505e-06,0.00436829810845125,0.06809842382460096,3.5722706656588932e-06,1.808411209542733e-07,1.8996846088354114e-08,1.0267847940587737e-05,3.6549560858725227e-07,0.0,0.002420397856550939,0.019651309449581333,0.0007250840075406725,0.00555309288930425,0.0002944556521499984,4.448649302598166e-05,0.001046922553977583,1.8326914638142067e-05,0.0,1.1999054860803088e-05,5.9256804716308675e-06,4.845325279649264e-08,9.096116484713033e-08,8.714278466231122e-07,0.0004876851354034264,0.0,2.1885018318470904e-05,9.374737037632764e-05,0.0007427449427701097,2.5729316641821626e-05,1.4908852873165416e-05,0.00022562657498018733,4.107139176235105e-05,0.002854529992606592,6.608434691994558e-05,0.0019890501039920784,2.8547566919267197e-05,2.668446528745775e-05,1.2418921871660964e-06,1.213523767081989e-07,3.3670447226784848e-06,0.0019150933086893084,7.202176826648603e-08,3.46541300823564e-06,0.0003616975877617573,2.447568404442434e-05,7.143170092602611e-08,2.3457524072230046e-05,8.739432703404424e-06,1.78493403153241e-05,1.388110879141368e-06,1.8066279790747417e-06,0.026179191086651402,2.336113255824847e-06,0.0,0.00572143804341493,0.00026791040495748985,0.03995431102066346,2.9012640111195633e-05,0.025636484207046697,0.002004798544981668,1.6177830185460982e-05,0.0011608196513640413,5.235408513892704e-05,0.0032407253163612764,0.0003749742616481949,1.1428486190371674e-05,5.435839335306462e-06,0.0012565964563020112,8.590606271962113e-07,0.0009254927315025101,1.8675478320660942e-05,0.08383268783493118,0.0005109659948411813,2.38444765275031e-05,0.002248306693594881,2.162063273421444e-05,1.3826080896070917e-06,0.012655725828669894,0.00029346942137168237,0.0020194590370125583,3.18630886411992e-07,5.0606362207419125e-08,0.0009699877552233999,8.627098656885773e-07,Treat
3.430890926109334e-06,3.994311570687794e-05,0.009950158569381204,1.5300651191669798e-07,0.0019575337641536215,2.736395766160698e-06,2.22344457967987e-06,3.8445242430169644e-05,6.722966933486267e-08,0.053319936755064495,1.4389945471995679e-06,0.6163192474028297,7.438286440019554e-07,1.896277092096212e-06,6.532432247706834e-07,0.0007911989861741572,2.383770541255182e-05,6.6452056044420774e-06,1.5098548777481884e-05,7.509174929091565e-07,1.4877199089371187e-06,0.0040966292119024765,0.06950963211829005,3.4420425202023955e-06,1.8798336044647835e-07,1.8307678094199236e-08,1.0699142509043112e-05,3.7997247439699646e-07,0.0,0.002379551899554385,0.018486288502778243,0.0007017485667162035,0.005362523210020917,0.0002949259733736337,4.4388464101909494e-05,0.0010294943283449564,1.6814288448399052e-05,0.0,1.1956197238462495e-05,5.624783494781701e-06,4.421567443830396e-08,9.338357813499164e-08,9.000266143458167e-07,0.00048677834361522237,0.0,2.292989570355487e-05,0.00010251196257072932,0.0008018602901192696,2.6360343160531195e-05,1.5391845050514084e-05,0.00021456324384112028,3.8741859668346174e-05,0.002746776245031304,6.292834878552056e-05,0.0019337456005723303,2.8092258681198615e-05,2.6199666992109155e-05,1.250145002663002e-06,1.2468359791448377e-07,3.2631998575311144e-06,0.0017522082785547818,7.518336608091222e-08,3.4210821974211493e-06,0.00035776517679992796,2.336420519642632e-05,7.032543351000313e-08,2.0409734466660793e-05,8.781317736406116e-06,1.739083234685454e-05,1.3505860578607828e-06,0.0,0.02455020708352776,2.4664230844745465e-06,1.115281639635241e-05,0.00557203690234948,0.00027918807177162254,0.040183047209227156,2.8590906439801638e-05,0.02585639954217332,0.0019195027117677576,1.575571604467746e-05,0.0011268178899799162,4.863762133527921e-05,0.0032669563504712927,0.0003718481928130383,1.1690876164791303e-05,5.458270169797639e-06,0.001254688953644114,8.213762898178921e-07,0.0008801671841597993,1.8032728939146534e-05,0.08289658521652055,0.0005136936061398077,2.4273698784425092e-05,0.0023048724137648222,2.163240072552287e-05,1.318779051375747e-06,0.01250913591391827,0.0002821095455918019,0.001989291421729214,3.3945791924097883e-07,5.2501071782832887e-08,0.0009230693760067517,8.343250498967329e-07,Treat
3.422310015466699e-06,4.059374544487231e-05,0.009958669329288673,1.4808524703126122e-07,0.001961414450195969,2.7344385682295986e-06,2.2181188924388163e-06,3.8438328523328164e-05,6.682128834565776e-08,0.05341903251287077,1.4477060025880089e-06,0.6145968090022873,7.414676944446253e-07,1.902616673475188e-06,6.545891938251489e-07,0.0007984293892812407,2.37697461110445e-05,6.6767085356159235e-06,1.5560070486192082e-05,7.596086333374252e-07,1.468354306834422e-06,0.004072643834832628,0.06983179440553568,3.550279488585185e-06,1.8976328826654103e-07,1.7945308383663833e-08,1.1404306747152513e-05,3.7926738829380077e-07,0.0,0.002401483935638348,0.018910716281684475,0.0007226304859965074,0.005539622505621995,0.00029422237475821254,4.529867912377829e-05,0.0010332750420146228,1.6994548699378282e-05,0.0,1.1393648516547785e-05,5.7061677468606916e-06,4.416985574119032e-08,9.321311554451649e-08,9.033465003018156e-07,0.00048188763912006044,0.0,2.32213706401427e-05,9.789657622966422e-05,0.0007858655836201949,2.6395108092825527e-05,1.4923506324649448e-05,0.00021814725213480004,3.935551650828115e-05,0.0027791383505094453,6.295816818264498e-05,0.0019908074553905693,2.7775057239349058e-05,2.631517136328937e-05,1.2552593150182766e-06,1.2840064549931027e-07,3.3492655541248773e-06,0.00177544586799151,7.441580213065076e-08,3.612191167281758e-06,0.00037548026272555017,2.3858449208879483e-05,6.823379200944369e-08,2.0493099797756883e-05,8.715672741036608e-06,1.6525586552766374e-05,1.3774877149685155e-06,0.0,0.024557457748844602,2.479116326199696e-06,1.0882053447516566e-05,0.005406439269056093,0.00027709564378411466,0.04019050986852339,2.9096969551146244e-05,0.026030626659321487,0.001982774719533014,1.5800826871638903e-05,0.0011620088121793801,4.940622796862218e-05,0.0032694678321497717,0.0003771189861407749,1.1734228542648842e-05,5.5451255092221324e-06,0.001272878447458346,8.424467809971765e-07,0.0008931084540883216,1.7322666232411234e-05,0.08310756339051749,0.0005075518788132508,2.4200704628974182e-05,0.002359725490626646,2.1406384417341446e-05,1.3498812505180053e-06,0.012595048243738331,0.0002826136427172867,0.002005511048829292,3.3413988588331873e-07,4.963854179342248e-08,0.0009488305991811108,8.263047756051245e-07,Treat
3.4467076947788092e-06,4.140106509473164e-05,0.009940911997652725,1.446800215207252e-07,0.0019682730362127697,2.682230008278296e-06,2.040930970754768e-06,3.7888587094564465e-05,6.505331903766164e-08,0.053335460390319216,1.4383375657434576e-06,0.6155250070843347,7.42838500471569e-07,1.8967461674267886e-06,6.71360340125532e-07,0.00077167833958509,2.3532064614259704e-05,6.863615170922595e-06,1.5517467114200714e-05,7.448758290374201e-07,1.4348505421023031e-06,0.0038929475933980905,0.06902098174573225,3.4779844936136974e-06,1.8530876570427616e-07,1.7080222321543308e-08,1.1667800061137776e-05,3.918116863763989e-07,0.0,0.0024971961987536747,0.019143842210769108,0.0007306966940312396,0.0054155013422278984,0.0002862379641580988,4.5549103842777104e-05,0.0010417659648099549,1.6069551347740366e-05,0.0,1.1204457820442808e-05,5.6974714160499815e-06,4.3979837773819084e-08,9.057108765805347e-08,8.991816635932707e-07,0.0004588138116742871,0.0,2.4468847172400208e-05,0.00010376527634412054,0.0007761548892672428,2.748461927758996e-05,1.5188174512037812e-05,0.00020853934150819752,3.8457405977685275e-05,0.0025616919840842443,6.223528732971531e-05,0.0019197500765347963,2.7876003404379408e-05,2.7737351408878144e-05,1.2536434995657652e-06,1.2798858964289077e-07,3.29792239779894e-06,0.0017127247786651754,7.622777910557006e-08,0.0,0.00039115213938919807,2.3820003373911318e-05,7.202137235259796e-08,1.9071975552938393e-05,8.710821948017703e-06,1.6238039435265853e-05,1.4065361290241742e-06,0.0,0.024243433253495397,2.4919074663946653e-06,1.0656871535985046e-05,0.005687850023765222,0.00027193499422553116,0.04048652000663821,2.8390242748039298e-05,0.026023946522147835,0.001961805667747512,1.512180585540963e-05,0.0011672567100942392,4.9935656940356974e-05,0.0032941239196166414,0.00037799040693833305,1.1859527850125979e-05,5.68440784965657e-06,0.001231583693749284,8.626587787918924e-07,0.0008884335036075012,1.744733938662374e-05,0.08337501800883178,0.0005033509275359668,2.386952373098354e-05,0.002362608732997853,2.1264896779654505e-05,1.3171540396932851e-06,0.012473379128181469,0.0002782370155373501,0.002013486866326641,3.421798886700489e-07,5.281963722390079e-08,0.0009324808228204145,8.413623497626094e-07,Treat
3.4979932321343265e-06,3.8947094884382244e-05,0.009730744376840324,1.4124378883640363e-07,0.0019519280116620495,2.6586458895053523e-06,2.1225760627512534e-06,3.743777866350462e-05,6.490492331196287e-08,0.05320944763817643,1.4637997772415757e-06,0.6179489399554128,7.387324206969297e-07,1.8899356180273769e-06,6.574109763179952e-07,0.000795578252447282,2.3417115487353655e-05,7.0089570017225e-06,1.4533895003789935e-05,7.674702915449413e-07,1.4023127610681151e-06,0.004252739897407997,0.0700084768586391,3.3580840491375113e-06,1.9854766640020355e-07,1.7573640154026622e-08,1.1653278596558685e-05,3.7473147393548597e-07,0.0,0.002449143083272682,0.017798154718665783,0.0007726067443434817,0.005475397341876874,0.00027261936755859325,4.562837483589151e-05,0.0010406954159118415,1.8052706164838375e-05,0.0,1.1258252203455031e-05,5.8333144660635955e-06,4.5275473326345643e-08,9.227619724741245e-08,9.323590765282713e-07,0.0004606825796793371,1.1297754842765397e-05,2.2255093539875925e-05,0.00010395913989514444,0.0007861643641464156,2.370158358622112e-05,0.0,0.00021465131769476622,4.064821585036916e-05,0.0027202653764396355,6.154511204555416e-05,0.001942957289665734,2.8147131281234466e-05,2.6229752502084705e-05,1.2989529270485274e-06,1.2256537976940922e-07,3.3991203242507554e-06,0.0017553603430479363,7.525794836545621e-08,0.0,0.00035942575372657727,2.208197537449604e-05,6.57431426071815e-08,2.1590169311826676e-05,8.53960243644804e-06,1.7776187689665815e-05,0.0,0.0,0.025088392034465175,2.417670291872305e-06,1.0705215253109916e-05,0.005473554630154127,0.00028699344793781605,0.03985072860833214,2.7612344877947593e-05,0.024939027477366205,0.0019201049318423927,1.63145900351822e-05,0.0011996779510477344,4.993133608830583e-05,0.0032205231946687294,0.000383451391337515,1.1220084019924853e-05,5.494111039301781e-06,0.001284456651147991,8.346638054424503e-07,0.0008961881905318864,1.569938557103276e-05,0.08203219266200108,0.0005242112942212293,2.4077164906082947e-05,0.0022953895530172888,2.1182306041313715e-05,1.3098350734449314e-06,0.012593580355715294,0.0002786516176953397,0.0019870484204166953,3.3905088063440414e-07,5.076315810694121e-08,0.0009848669811224312,8.654006179188852e-07,Treat
3.4258507581271875e-06,4.05389141523549e-05,0.009967084847288412,1.51151381552603e-07,0.001972136997909048,2.7570198447839794e-06,2.186390308393858e-06,3.804020578667157e-05,6.565683241526157e-08,0.053995467033752076,1.4526077439233018e-06,0.6136678894993994,7.4258680367919e-07,1.8852272357686906e-06,6.5701780227437e-07,0.0008124135689224633,2.371106236786944e-05,6.492490914827074e-06,1.5179831903456529e-05,7.550335216532562e-07,1.4957503015892937e-06,0.0038899629511194144,0.06902674508278395,3.3976847073468064e-06,1.8739223329431368e-07,1.8347756089862144e-08,1.180405526297232e-05,3.60396655970268e-07,0.0,0.0023843786417174244,0.019234874198958054,0.0007301378696753913,0.005468650486492867,0.0002854924685555633,4.38942953087234e-05,0.001036548239527014,1.699332716832763e-05,0.0,1.1609201179569672e-05,5.828302200777018e-06,4.4263110184698796e-08,9.240281669944817e-08,9.359551001762961e-07,0.00046018723385893236,0.0,2.301426858482474e-05,9.66307329791158e-05,0.0007949911768668754,2.6561688211206223e-05,0.0,0.00021460972838174816,3.916567076393689e-05,0.002866149277227093,6.234305121078082e-05,0.0020176834996759115,2.797758308486534e-05,2.692062994379009e-05,1.2339780073519482e-06,1.2629173744466083e-07,3.3879705808869265e-06,0.001755757603998552,7.38062229367245e-08,3.61752324402033e-06,0.0003687651655703382,2.290048253885078e-05,6.596683602513418e-08,2.0588785544663307e-05,8.737623573321288e-06,1.65728525673009e-05,1.3545505085186537e-06,0.0,0.02513502074429713,2.5316110266198206e-06,1.0922084148623358e-05,0.00595455622441741,0.0002667190851396517,0.039731622590251064,2.824358661531343e-05,0.02632814128252824,0.002042894703372142,1.5352450676515724e-05,0.0011763565561129874,5.010826586870791e-05,0.003277034660548943,0.000383782963812763,1.1768921802124942e-05,5.4494478185726895e-06,0.0012747108788250818,8.289700208556123e-07,0.0009020207536693835,1.748736853837474e-05,0.08326747964173735,0.0005108441225503063,2.3964279853719652e-05,0.0023422871557577806,2.1444395391013167e-05,1.3550624554281534e-06,0.012437304639334476,0.0002798822521127527,0.002013190884348099,3.250223068813427e-07,5.0292298057161635e-08,0.0009195888251117496,8.288282722282482e-07,Treat
3.6322394595784136e-06,4.520221741274007e-05,0.010027702502905045,1.4249167916682272e-07,0.001867751315252071,2.7474961325270717e-06,2.2048547445535894e-06,3.67993490840076e-05,6.695452166079906e-08,0.052649182399038895,1.4354868178179772e-06,0.6100423122743782,7.316248228654746e-07,1.8915022060589903e-06,6.628955907509659e-07,0.0008175528217779718,2.368327911438564e-05,0.0,1.5012050205524645e-05,7.919880792619342e-07,1.557398727856002e-06,0.0038331411327559243,0.07024754634041086,4.1883495809201125e-06,1.8502926159124157e-07,1.8753114419435706e-08,0.0,3.78869694500331e-07,0.008467340191062954,0.0024294206467292754,0.019150108553026353,0.0,0.004665246438948247,0.00028571412053276536,4.312150574156309e-05,0.0010124449944488875,1.89324836032955e-05,0.0,1.3496423954824486e-05,5.857720223454336e-06,4.630505194707346e-08,9.276804992052777e-08,8.705050155554495e-07,0.0004383214880423388,1.0497218631530157e-05,2.2990829291777293e-05,0.0001002800703857344,0.0008348095276441964,2.5868145913413575e-05,0.0,0.00026709339883050696,3.6177914212237843e-05,0.0028137343948193235,6.991897409929902e-05,0.0020818992197175978,2.898488500640288e-05,2.3618741920942874e-05,1.0315048813280095e-06,1.123098756976327e-07,3.020758975853271e-06,0.0015698503156930978,7.872354026702957e-08,0.0,0.0003434555428090406,2.455599358447229e-05,6.831424137575386e-08,0.0,8.19391661701628e-06,1.630817894541293e-05,1.4191195143778495e-06,0.0,0.023966325942962396,2.6047692854146695e-06,1.537092728188342e-05,0.005849247707601175,0.000265476274044913,0.03902170114199789,2.718029824235486e-05,0.025983598644903107,0.0021536033999654974,1.4433675618354e-05,0.0011877033375987537,4.423827851859133e-05,0.003379862482005445,0.00033818818521386937,1.1247218129617041e-05,5.388434959841357e-06,0.0012960069137307236,9.73726316018284e-07,0.0008977081940493164,1.6107606848112583e-05,0.08352028007334811,0.0005304552350374644,2.204759683612684e-05,0.0024709208374243566,2.210926043549768e-05,1.2602875912686623e-06,0.012340243178022287,0.0002982334793350803,0.0018747845204971647,2.712015569566117e-07,5.2062119412571294e-08,0.0,8.713481716890396e-07,Treat
3.4273840001920655e-06,3.9578481385014166e-05,0.00988105627935966,1.4920130508565272e-07,0.0019575271884065843,2.72418306420297e-06,2.1957706733235285e-06,3.818955491148286e-05,6.505500121991146e-08,0.05325797347810698,1.4426065896482428e-06,0.6164918257125576,7.44664137157364e-07,1.9019621365155394e-06,6.617256124691903e-07,0.00079732511652377,2.360817245347821e-05,6.793593694077143e-06,1.4854562296301045e-05,7.583591737372027e-07,1.4757625978706134e-06,0.004092015599947434,0.06874584557435698,3.644131262274554e-06,1.8711523087777477e-07,1.7293486159591487e-08,1.1178251263555506e-05,3.709768769663987e-07,0.0,0.0023892644363783817,0.018609311958103295,0.00074126064788325,0.005350368041051088,0.0002928089530039377,4.4339695779552846e-05,0.0010321182020924492,1.7514739183907472e-05,0.0,1.1693180304486968e-05,5.7066533065360615e-06,4.3212250530844095e-08,9.349184746971238e-08,9.066145478737437e-07,0.00047333230215520616,0.0,2.198706212651841e-05,9.70689511586281e-05,0.0007815313133281036,2.6275684671978738e-05,1.4817312687414197e-05,0.00021071703537643588,3.8734106745627886e-05,0.0027889490454545596,6.298583421505632e-05,0.0019755549193198117,2.7516279959864704e-05,2.6540300984679688e-05,1.28959629089806e-06,1.2518200196925278e-07,3.3575011865661656e-06,0.0017310491368514812,7.312252468856147e-08,0.0,0.00037152417732675254,2.2993012036040203e-05,6.841781989231789e-08,2.06170691747456e-05,8.546530395546669e-06,1.679955996039146e-05,1.3729286354343265e-06,0.0,0.024575272767940942,2.5064159619640895e-06,1.0827813444032571e-05,0.005565874743382309,0.00027031832551711925,0.04000320566180291,2.8549954602759762e-05,0.026069591408032316,0.0019618814563583335,1.566957678723612e-05,0.0011568204480299782,4.903983935649383e-05,0.0032788240759250332,0.0003783001653700127,1.1831536696137223e-05,5.532327940038883e-06,0.0012624781178224183,8.409083654239971e-07,0.0008953192769227158,1.754358187568122e-05,0.08326057495842604,0.0005083113362227246,2.4258130796496166e-05,0.0024203159716863864,2.1430015792156943e-05,1.3622688504786504e-06,0.012451967901738657,0.0002820023196246038,0.0019400393355786096,3.3907898579217503e-07,5.0695781868387626e-08,0.0009314959874093708,8.296324413874153e-07,Treat
3.4364260627728986e-06,4.110102319218986e-05,0.009865589096448777,1.5181727772359715e-07,0.0019499626077879788,2.7637766571122882e-06,2.281990173776012e-06,3.8782538434041455e-05,6.989305666711623e-08,0.05383803119032643,1.4340002004785673e-06,0.6142754241700062,7.466061807402699e-07,1.8760313559807138e-06,6.642449030105322e-07,0.0007983315525773714,2.3449163379056088e-05,6.840656293128785e-06,1.4856136837074506e-05,7.550748365724578e-07,1.4156067854721823e-06,0.003954912617745526,0.06981102154083697,3.6142170972652023e-06,1.853574050595319e-07,1.7646087642361967e-08,1.114300309487476e-05,3.731417555648495e-07,0.0,0.0023784218029669108,0.018811583129733297,0.0007602128466279357,0.005382844191281209,0.0002943924262019095,4.5886091848101865e-05,0.0010371569949438517,1.6119614121173486e-05,0.0,1.1782670321905464e-05,5.849795359561927e-06,4.475434725127833e-08,9.38425255435071e-08,9.216206712598857e-07,0.00047031101127572797,1.033702238881602e-05,2.2329597429186755e-05,9.824508388602319e-05,0.0008072662853918754,2.6367083098205302e-05,0.0,0.00021998294771079704,3.9313947773306615e-05,0.0028706301896468385,6.264900821538634e-05,0.001953710817382118,2.7595461387923536e-05,2.6546189921773908e-05,1.3315795398892396e-06,1.2551543506404732e-07,3.275293151078627e-06,0.0017517278095454856,7.636734593608605e-08,3.4773808828513455e-06,0.0003593334835093324,2.3770034156460674e-05,6.814868395373118e-08,2.1799221244121116e-05,8.787007421266973e-06,1.682324807090735e-05,1.357683319771158e-06,0.0,0.024204922883553533,2.511051380435855e-06,1.0605682624168934e-05,0.0056791915017281045,0.0002691899820589887,0.040078336873068054,2.8388431535622286e-05,0.02601332296924682,0.0020396553535004104,1.5646260373170824e-05,0.0011553359572144407,4.984287033023183e-05,0.003192137574019111,0.0003747491061835288,1.1851079620139963e-05,5.496530416010552e-06,0.0012663452277741753,8.226186320746032e-07,0.0008875461828124473,1.733165732226903e-05,0.08374574318145891,0.0005072647603062491,2.4293157837577473e-05,0.0023901925170651014,2.1693683657493837e-05,1.3522021103242416e-06,0.012609851988482024,0.00028068597922106987,0.002003964088667019,3.656837921115005e-07,5.1335793474971046e-08,0.0008886871962184316,8.461064371633029e-07,Treat
3.4000146346327196e-06,4.039707389963124e-05,0.009804160042532336,1.4872787898383908e-07,0.0019506888817821557,2.7060775997718973e-06,2.2230919008176813e-06,3.7737966068138594e-05,6.57387208551032e-08,0.05395154392563239,1.4496032132970104e-06,0.6151975749259762,7.444771349105775e-07,1.884190584055623e-06,6.786958615280874e-07,0.0008097008677394106,2.3800325552399707e-05,6.768153989744259e-06,1.5289872053572846e-05,7.542795239609895e-07,1.3985965340272285e-06,0.004074291524683321,0.06911887852786103,3.5392702777663745e-06,1.9373617895404094e-07,1.7987912870403268e-08,1.0882126214209335e-05,3.72034461218827e-07,0.0,0.002277639371660783,0.019501826890236874,0.0006975561450352073,0.005501601154874741,0.0003031366484522745,4.454778345199023e-05,0.0010304045006892441,1.7091432583889153e-05,0.0,1.1975090855811133e-05,5.520147274949518e-06,4.1851059096495e-08,9.279325071105231e-08,9.254330319670724e-07,0.0004913576920542434,1.0296043725234431e-05,2.265162871246951e-05,9.922711563869453e-05,0.0008165432682125782,2.6595472945643998e-05,1.4957686363114275e-05,0.00021709399710753986,3.931504696312586e-05,0.002794390025865633,6.492843573805511e-05,0.001979169688012742,2.7528644605837927e-05,2.6041070591208236e-05,1.30109695044671e-06,1.269353378597912e-07,3.4701240177893528e-06,0.001703514455587349,7.263162231203999e-08,3.4184497338742075e-06,0.00037367029364435335,2.3934341644352648e-05,7.071607449142418e-08,2.0143991223879855e-05,8.711756963286515e-06,1.5950947740478488e-05,1.3812155712334218e-06,0.0,0.024263062498211065,2.4519623240019326e-06,1.085044607967009e-05,0.005236987534271344,0.0002849342456648029,0.04001634298833464,3.0333728821267527e-05,0.025932420093278407,0.001940244281809998,1.466790229164163e-05,0.001083241082674932,5.0007092370100024e-05,0.0032783326414560572,0.0003751059246046148,1.1637526408010339e-05,5.592199294809333e-06,0.0012710920194292648,8.572951598928949e-07,0.000882550747172435,1.6992944236061877e-05,0.08337562881791417,0.0005056953865941811,2.404237845796342e-05,0.00234153823944059,2.1610021868082498e-05,1.3568091024267088e-06,0.012550900719390438,0.0002815255155824479,0.002013698814573029,3.38184659185443e-07,4.9969212375171536e-08,0.0009355504777337009,8.467600709950152e-07,Treat
3.4457265638187113e-06,4.034093351889819e-05,0.009989457633600523,1.473926949758883e-07,0.0019714469619677983,2.741218030500237e-06,2.212187043640921e-06,3.795570858090193e-05,6.708529062745883e-08,0.0534219399947076,1.4489065587927647e-06,0.6154060184667267,7.486906817635984e-07,1.8942500729358428e-06,6.577333264679117e-07,0.0007936625201197643,2.3744336422231058e-05,6.701338453882224e-06,1.5029789286103899e-05,7.534790408915329e-07,1.4515823584353315e-06,0.004117300796838091,0.06934423969838151,3.5376301027529644e-06,1.8604787269061467e-07,1.7567038901211613e-08,1.12777024309027e-05,3.7375139794222585e-07,0.0,0.002434650900356785,0.01887513023613524,0.0006843385538201993,0.005494960751287273,0.0002943821714798591,4.4409248509279284e-05,0.0010317990691436224,1.673117318608737e-05,0.0,1.19816788622948e-05,5.775783821601772e-06,4.444358278499635e-08,9.337188381937918e-08,9.187386127793155e-07,0.00046147262516013524,0.0,2.2373243492277746e-05,9.7188488341591e-05,0.0008010326263505321,2.6446047939299368e-05,0.0,0.00021257336938808357,3.9633873087379485e-05,0.002782301321260557,6.25694252221366e-05,0.0019542894358163675,2.7958748288410838e-05,2.6460127467927246e-05,1.2579000678117879e-06,1.298491422089599e-07,3.3020542533079012e-06,0.0017377608188138892,7.484401057471179e-08,3.514476069585272e-06,0.00035979264944319996,2.3479960575033686e-05,7.0410527448938e-08,2.0889276899524166e-05,8.741641360229595e-06,1.6881354824784344e-05,1.385684069095373e-06,0.0,0.02426556761763552,2.5021599790401135e-06,1.1113441263577844e-05,0.0054481793279211625,0.00028140592254737056,0.04005529201352419,2.8426568299616105e-05,0.026081338367609605,0.0020116145090055926,1.55860381910228e-05,0.0011751011235617366,4.971481558491542e-05,0.0032555490616555487,0.0003790234308967787,1.1677098260970448e-05,5.577346180835348e-06,0.0012662752555356036,8.420670660967935e-07,0.0008927787176468885,1.7725619560541932e-05,0.08336744738387351,0.0005130613119756889,2.400098854182225e-05,0.002333795787481239,2.1369365035920167e-05,1.3290459816758058e-06,0.012500916464807233,0.0002828014120188649,0.001987996332971286,3.398694131567602e-07,5.195415293580892e-08,0.0009251760494110399,8.280307457890764e-07,Treat
3.4196065380504705e-06,4.0272965186815505e-05,0.00980783319270905,1.4989753902094274e-07,0.001963420142647362,2.7422489695313343e-06,2.199347848247794e-06,3.874780103698161e-05,6.748017940067927e-08,0.053969312112190845,1.4475577459500701e-06,0.6152403853251974,7.46584797617602e-07,1.8767157289264635e-06,6.614386318175521e-07,0.0008001542252452008,2.353096864235101e-05,6.5790869548273125e-06,1.5200436371453666e-05,7.614343225482626e-07,1.4931329866038961e-06,0.003916367580446561,0.06951058032758382,3.614709491887961e-06,1.816086278454305e-07,1.789037004489743e-08,1.132975796258775e-05,3.768031871413277e-07,0.0,0.0024130277051143557,0.01911420634411304,0.0007069178301863613,0.005434937547765558,0.00029506905265592304,4.402531005053949e-05,0.001033598661267542,1.6576097775160657e-05,0.0,1.1777497538428931e-05,5.747834783905348e-06,4.435477548439621e-08,9.282292936977142e-08,9.19420910091978e-07,0.0004805550583802484,0.0,2.1974018816955826e-05,9.52395712017107e-05,0.0007886622546864506,2.644583538174484e-05,0.0,0.00021767250034421945,3.9011743912415667e-05,0.002751891765625039,6.30144785651146e-05,0.001923476260003312,2.7584968069132034e-05,2.661130435542531e-05,1.2619611739822048e-06,1.2777795066658195e-07,3.425647255679118e-06,0.0017643853112830393,7.432302256468657e-08,3.4998636195249868e-06,0.0003670183208742719,2.322405712949702e-05,6.846206510185748e-08,2.1157616375633277e-05,8.769404928527826e-06,1.6984903474841692e-05,1.421137622214047e-06,0.0,0.024609611347771253,2.4912626689193275e-06,1.0940419200986791e-05,0.005268193467407772,0.0002680021172994799,0.04039643769091308,2.8567731632470092e-05,0.025752702504368723,0.0019475124137933318,1.5612484340198298e-05,0.00112711254820505,5.010789861804294e-05,0.003253205018965405,0.0003777688171202489,1.1466088502823468e-05,5.696479348667373e-06,0.0012433088362464803,8.308453601394426e-07,0.0008929818574843079,1.73160312696115e-05,0.08301339046101902,0.0005114266488506498,2.441541477307937e-05,0.002381479741424506,2.1405381664943474e-05,1.3443062396432856e-06,0.01244564794110957,0.0002815016581065309,0.0019770495825036636,3.37023710859529e-07,5.209004345809285e-08,0.0009472563927363266,8.58092177795059e-07,Treat
3.4282777192336126e-06,3.958134519527038e-05,0.009771154102162812,1.42783693350983e-07,0.001962081562399151,2.7396883764782572e-06,2.256956496208466e-06,3.798921398833057e-05,6.696988981305907e-08,0.05387070077454663,1.4433945617364656e-06,0.6141483349026927,7.423598902978362e-07,1.9009525336080527e-06,6.541326897982968e-07,0.0008220952660210096,2.3948534136983645e-05,6.691315773414886e-06,1.497658830273897e-05,7.557268797191853e-07,1.4375670260771743e-06,0.004050553263042888,0.0694814825705996,3.5658317667577875e-06,1.8313040941909449e-07,1.761821527886306e-08,1.106020553814801e-05,3.796634942205786e-07,0.0,0.0023251344178946563,0.018886732506215465,0.0006962684171246687,0.005404928485010168,0.00030084530891597065,4.317609617891181e-05,0.0010364977032260169,1.6517663279056802e-05,0.0,1.1305382508205485e-05,5.6961583984402046e-06,4.413847931742269e-08,9.383548078541094e-08,9.171541604231862e-07,0.00047627642157136823,0.0,2.1491535718751784e-05,9.96643286917298e-05,0.0008037560005631363,2.665164470809889e-05,0.0,0.00021677915073803485,3.9428089036649116e-05,0.002873653307198254,6.23929985653654e-05,0.001991129007381557,2.768916675710247e-05,2.6043242597215504e-05,1.25775722855617e-06,1.3047749978427434e-07,3.336695331159639e-06,0.0017802717936091527,7.32729838457874e-08,3.525587295640023e-06,0.00035809439716867327,2.4299761921251296e-05,6.850326782951025e-08,2.0030480865247685e-05,8.757144887288354e-06,1.6762840249114278e-05,0.0,0.0,0.02455111898176093,2.5125152574600476e-06,1.121457622299903e-05,0.005353371075985999,0.0002755805906611953,0.0404212987251239,2.9403075149854875e-05,0.025985528648099675,0.0019420814307322567,1.5500632884744426e-05,0.0011540213656935124,5.065174588816884e-05,0.0032823665549763137,0.00037665363427694175,1.1974881548089652e-05,5.627018832742014e-06,0.0012489631227712672,8.286635457102017e-07,0.0008943515022065262,1.7971247457971907e-05,0.08383960203799024,0.0005132266582939274,2.4401511472711043e-05,0.002444046917697635,2.121894719143583e-05,1.3588017476138923e-06,0.012498522283148746,0.00027979232597817426,0.0019597511308551137,3.4531047930984513e-07,5.170176852158351e-08,0.0009157298852367468,8.469283145601333e-07,Treat
3.424589634960658e-06,4.1500858235765196e-05,0.009913610498914954,1.448048019410564e-07,0.0019569654161218763,2.744580217009741e-06,2.200729650291615e-06,3.890542108058061e-05,6.601218283622663e-08,0.053148456542246786,1.4439033417754275e-06,0.6158671560380983,7.479767994957167e-07,1.8893319923110028e-06,6.550116418183787e-07,0.0008043440129542181,2.3803872783260336e-05,6.5171885376671395e-06,1.4938439988223486e-05,7.487661964341574e-07,1.4966391679973653e-06,0.00405261390267446,0.06913960599988961,3.6023061957914053e-06,1.868058818120709e-07,1.8155712386578824e-08,1.0952605051634557e-05,3.7939930299616806e-07,0.0,0.002430544150090837,0.01943115901738217,0.0006898714141093957,0.005545464512947731,0.00029931728768608275,4.4350194971208944e-05,0.0010332562765904187,1.6905330528715686e-05,0.0,1.1782503095771582e-05,5.5292293850918104e-06,4.4959558666269285e-08,9.317874734677187e-08,9.195396586250712e-07,0.00047521284770000874,0.0,2.1652737426187668e-05,0.00010042799183297444,0.0007842483520403942,2.642354389912587e-05,0.0,0.00020995029840687726,3.9415034269072255e-05,0.002847548986812002,6.289807522168829e-05,0.0019092736994153257,2.7568483843031715e-05,2.6177648182344614e-05,1.2699243106909925e-06,1.2737657123478514e-07,3.4034169485686657e-06,0.0018019014965931762,7.445919198838764e-08,3.6280526170313195e-06,0.00036819861911064814,2.3513777917213664e-05,6.826846432818915e-08,2.0861862652227584e-05,8.641310262756748e-06,1.6628697847336714e-05,1.4571363472627261e-06,1.8051681800121224e-06,0.024121014960064514,2.509296000767246e-06,1.0655481060523802e-05,0.005442648301252025,0.0002775819625454895,0.03989358801211516,2.8431692252839974e-05,0.025652799139428754,0.0019141715867763427,1.5399219263430135e-05,0.0011752297831849026,4.940454776331336e-05,0.0033137096383314473,0.00037536374826412154,1.1874849505458833e-05,5.57120714615669e-06,0.00126595030400236,8.051611142968754e-07,0.0008819060500838652,1.6782798648634066e-05,0.08350092545395771,0.0005098077614072057,2.4533415483825835e-05,0.002435133707210122,2.1144982422586126e-05,1.3358723629213164e-06,0.01250614382305641,0.00028187845667031924,0.001993681583456003,3.335248543444487e-07,5.164569460269467e-08,0.0009380863057752226,8.110587313427239e-07,Treat
3.4382109399629375e-06,3.998213945483545e-05,0.009852407145392933,1.459247300063264e-07,0.00196044514963354,2.720088503790266e-06,2.273704115585876e-06,3.878917833011321e-05,6.697569279254745e-08,0.0537717265041739,1.4433419888478176e-06,0.6150136004961634,7.422610248954795e-07,1.8938024642909705e-06,6.537593599126423e-07,0.0008062837654588929,2.3729263391782383e-05,6.628550782588472e-06,1.5142028649136303e-05,7.539114118959621e-07,1.4685666007798331e-06,0.004101810569298757,0.06947940121260258,3.506215106524777e-06,1.8764482242148547e-07,1.8075336342264957e-08,1.1237608819666803e-05,3.8059267388993157e-07,0.0,0.002352879921882631,0.018412028487359226,0.0007152313210448134,0.00543198264928139,0.0003070739907255087,4.388048729553301e-05,0.0010206347273959962,1.655686469068846e-05,0.0,1.1736856384353193e-05,5.641187245686655e-06,4.5347562279286525e-08,9.158278953000343e-08,9.068388458356409e-07,0.0004787848725544972,0.0,2.2547875578856024e-05,9.853048753602186e-05,0.0008090135431863264,2.733153485946434e-05,1.5278598994545308e-05,0.00021724602933337854,4.060244285167186e-05,0.0027911056907409344,6.332274565912432e-05,0.0019759812704524438,2.7879311168469936e-05,2.586102385075184e-05,1.2384026245596392e-06,1.2003708497535475e-07,3.3464859214478074e-06,0.0017800206114528272,7.345348440666042e-08,3.607956927857002e-06,0.0003624962433748068,2.370064347992735e-05,6.891869772534267e-08,2.0476943143992844e-05,8.800037638897975e-06,1.6493324091546524e-05,1.3621375769361893e-06,0.0,0.024386932592627742,2.4243928082676503e-06,1.0602202828247854e-05,0.005486246671826874,0.0002701348125641371,0.040063297864632204,2.8702196355239533e-05,0.02570152129539722,0.002055268429871229,1.541313390613433e-05,0.0011952374723228634,4.9734134671207314e-05,0.0032465695403034816,0.0003810840038771768,1.1637342519972075e-05,5.606162194267151e-06,0.0012725737097661258,8.24530099187763e-07,0.0008809276543814179,1.7513577358806858e-05,0.0838272157174891,0.0005199316183192089,2.436460357765633e-05,0.0024235965032858883,2.1409330065204282e-05,1.3434319962598125e-06,0.012565976883489049,0.00028056805412526815,0.002033782198446389,3.3684004509153826e-07,5.072288922901952e-08,0.0009434807261723293,8.340780937272921e-07,Treat
3.4043396110815303e-06,4.040605555754994e-05,0.010099167031884208,1.5409423631892666e-07,0.0019548111774173958,2.7495042178504207e-06,2.1892405510776627e-06,3.8100682282850495e-05,6.927999973244484e-08,0.05365728508330657,1.4469229728036786e-06,0.6149669591212735,7.376915475848475e-07,1.9084706671412762e-06,6.570017155503055e-07,0.0007898545656924184,2.4113755787708203e-05,6.33410884193156e-06,1.5050373807725821e-05,7.578374990500694e-07,1.4484393523455674e-06,0.004076765241486899,0.069324797995491,3.611579500667307e-06,1.8251639438361782e-07,1.8184465792557557e-08,1.1110533045215698e-05,3.737981646371169e-07,0.0,0.0023767219717321796,0.018955303032909324,0.0007278019218309088,0.005409935414130006,0.0002955260120783908,4.552945178684939e-05,0.0010346732483210727,1.6737546552432834e-05,0.0,1.1131032183675508e-05,5.727600059134935e-06,4.453640384006114e-08,9.335632338086715e-08,9.18867352242414e-07,0.0004699335869303755,0.0,2.2793792283366734e-05,9.471784511743963e-05,0.0007777010108636788,2.6566883443910525e-05,1.5237374326864319e-05,0.00021659009591762843,3.9655583350497585e-05,0.0028121565795207223,6.308609861005751e-05,0.0019400883316557347,2.7719756901003323e-05,2.6044155413185403e-05,1.227076623869992e-06,1.3148266564686825e-07,3.2878505037901484e-06,0.0017233191121677595,7.42724135615996e-08,3.43694196884925e-06,0.00035702875541742567,2.343051525955992e-05,6.835680211173261e-08,2.021078559409116e-05,8.719555548186548e-06,1.6501806460145063e-05,1.3787115804286934e-06,0.0,0.024582698920040495,2.5050184375854705e-06,1.095678950676707e-05,0.005498032697335227,0.0002925809886288257,0.03989360449617434,2.8852537382179046e-05,0.02628006620609923,0.0019964266734239663,1.4984870214119286e-05,0.001162242452124858,4.923893058045756e-05,0.003272756803276151,0.00037766263555371807,1.1819657547167999e-05,5.6103853466939916e-06,0.0012476654805955456,8.209377557110881e-07,0.0008910658609812134,1.754610117472601e-05,0.08316370657903195,0.000507434630235106,2.467518855447446e-05,0.0023175006636934692,2.1403572643429435e-05,1.3272095062541511e-06,0.012518043185110126,0.0002831955978222407,0.0019778605990516474,3.3986442240511614e-07,5.2239014097369256e-08,0.0009507810649971686,8.262279639991508e-07,Treat
3.4230300155655595e-06,4.090810172559169e-05,0.009932274314248427,1.482355785699336e-07,0.0019620283086773547,2.7265852045577945e-06,2.203390540505058e-06,3.865105729603197e-05,6.665304383336833e-08,0.05361923532022928,1.4521781357267793e-06,0.6151653235534972,7.423915778793031e-07,1.8953963589987116e-06,6.59267195866733e-07,0.0008069351527732534,2.3853504364183193e-05,6.6827874150705676e-06,1.5172483262431632e-05,7.560346936077335e-07,1.4590146898854742e-06,0.004086158955870573,0.0694741566405956,3.656449825194404e-06,1.865874918516161e-07,1.7791709850445975e-08,1.100544561880862e-05,3.7671921587586157e-07,0.0,0.0023718749046570406,0.018854573743152744,0.0007079428309217897,0.00548620643278687,0.000296310357282697,4.536753178942467e-05,0.0010310180538964492,1.649250602932467e-05,0.0,1.1913864754327017e-05,5.767730847248431e-06,4.522662536164752e-08,9.334345223061143e-08,8.987158847946593e-07,0.0004856919009566304,0.0,2.2010545136602086e-05,9.946558006510112e-05,0.0007900918052808639,2.627106373522058e-05,0.0,0.00021491115518953294,3.919776361765425e-05,0.0028414141799965494,6.302549312630829e-05,0.0019698099312515428,2.7801174102750378e-05,2.651644131780316e-05,1.2392054219951633e-06,1.294215996479254e-07,3.3192888560051825e-06,0.001756561919037398,7.332186477384355e-08,3.5851241090075296e-06,0.0003767621146776686,2.3441390336077227e-05,6.529308008452108e-08,2.0421594516591227e-05,8.715286539262614e-06,1.708245638744865e-05,0.0,0.0,0.024458387017150453,2.432461675552706e-06,1.1000224819179181e-05,0.005537039861996202,0.0002767449948276366,0.04001619057796795,2.836460438661638e-05,0.025757893815228142,0.0020181431334253207,1.588167247268303e-05,0.0011638656852944135,4.9258244503538606e-05,0.0032559658174352905,0.0003777462153339994,1.1923915488378895e-05,5.667869144457451e-06,0.0012512061354978165,8.412659180803421e-07,0.0008885749322695591,1.7524347868553303e-05,0.0834100599809746,0.000512052688099235,2.4298034281165126e-05,0.0023454708131107663,2.124293288117493e-05,1.344211786080149e-06,0.012509765026566503,0.00028273762473064544,0.001978314385096733,3.409241258191218e-07,5.1291594160248605e-08,0.0009205685891405378,8.36661774416734e-07,Treat
