item,value,type
MicrobiotaLoads_ori,-0.09385054173909424,MicrobiotaLoadsFoldChange_ori
taxa170206,6.760268988646952,TaxaFoldChange
taxa326977,0.6071311874158081,TaxaFoldChange
taxa331820,-3.760204517650864,TaxaFoldChange
taxa191306,3.42944258424874,TaxaFoldChange
taxa190464,-2.851910577340238,TaxaFoldChange
taxa194053,-2.622044014466168,TaxaFoldChange
taxa191541,-3.83578887516796,TaxaFoldChange
taxa348374,-6.58719135171066,TaxaFoldChange
taxa262724,7.8920691309728275,TaxaFoldChange
taxa517293,-4.226258992911067,TaxaFoldChange
taxa325407,-4.116745058909559,TaxaFoldChange
taxa365676,-1.9801228880664112,TaxaFoldChange
taxa171551,3.247905367542268,TaxaFoldChange
taxa288134,6.4370817389603445,TaxaFoldChange
taxa470114,-0.3389604250753777,TaxaFoldChange
taxa187524,9.133980136074882,TaxaFoldChange
taxa361480,6.1499753245725275,TaxaFoldChange
taxa346780,8.249340995387872,TaxaFoldChange
taxa195173,4.489846804481181,TaxaFoldChange
taxa193343,6.786846731532941,TaxaFoldChange
taxa109014,-8.258546511625022,TaxaFoldChange
taxa174348,1.4214464630770998,TaxaFoldChange
taxa182980,2.1983705370499433,TaxaFoldChange
taxa248140,5.860958045802345,TaxaFoldChange
taxa326792,6.277515850862844,TaxaFoldChange
taxa544358,4.688417213890958,TaxaFoldChange
taxa178915,8.300296555719463,TaxaFoldChange
taxa180658,-7.753366142900808,TaxaFoldChange
taxa510994,6.887455239534082,TaxaFoldChange
taxa167602,-5.704972536837138,TaxaFoldChange
taxa212619,-0.06426060031779103,TaxaFoldChange
taxa189047,-6.2248250591449485,TaxaFoldChange
taxa263461,7.750937921561331,TaxaFoldChange
taxa302974,5.9349600621681535,TaxaFoldChange
taxa366612,-8.355815654406518,TaxaFoldChange
taxa194648,2.3104034514126934,TaxaFoldChange
taxa21698,-1.8622942159296196,TaxaFoldChange
taxa181892,-6.422592217613587,TaxaFoldChange
taxa193761,-7.571583621334541,TaxaFoldChange
taxa367433,6.049869704212,TaxaFoldChange
taxa278234,9.879762540826023,TaxaFoldChange
taxa361496,-1.5573472704886202,TaxaFoldChange
taxa82283,-4.52402340827589,TaxaFoldChange
taxa213747,-7.116083379191243,TaxaFoldChange
taxa589024,-9.357558338619006,TaxaFoldChange
changedTaxaCount,46.0,changedTaxaCount
totalTaxaCount,105.0,totalTaxaCount
MicrobiotaLoads,3.2672211873853243,MicrobiotaLoadsFoldChange
taxa326977,0.008693986098127491,ranksums_on_loads
taxa469873,0.8710691939955636,ranksums_on_loads
taxa357591,0.9138367624408552,ranksums_on_loads
taxa190872,0.7257209852083117,ranksums_on_loads
taxa263681,0.9138367624408552,ranksums_on_loads
taxa361480,6.301848221392269e-08,ranksums_on_loads
taxa347862,0.8498180212406273,ranksums_on_loads
taxa517293,6.301848221392269e-08,ranksums_on_loads
taxa2000,0.8076561934993387,ranksums_on_loads
taxa322235,0.892413863968481,ranksums_on_loads
taxa158660,0.892413863968481,ranksums_on_loads
taxa331820,6.301848221392269e-08,ranksums_on_loads
taxa244304,0.935322450092526,ranksums_on_loads
taxa361496,1.03770175922461e-05,ranksums_on_loads
taxa127309,0.8286754110725284,ranksums_on_loads
taxa248140,6.301848221392269e-08,ranksums_on_loads
taxa348374,6.301848221392269e-08,ranksums_on_loads
taxa470812,0.9551863458384348,ranksums_on_loads
taxa268540,0.8710691939955636,ranksums_on_loads
taxa291090,0.9138367624408552,ranksums_on_loads
taxa541301,0.9138367624408552,ranksums_on_loads
taxa171772,0.8286754110725284,ranksums_on_loads
taxa259569,0.935322450092526,ranksums_on_loads
taxa104780,0.935322450092526,ranksums_on_loads
taxa138006,0.8498180212406273,ranksums_on_loads
taxa181095,0.8286754110725284,ranksums_on_loads
taxa278234,6.301848221392269e-08,ranksums_on_loads
taxa177339,0.9568553503696526,ranksums_on_loads
taxa510994,0.3173105078629141,ranksums_on_loads
taxa193066,0.935322450092526,ranksums_on_loads
taxa405524,0.892413863968481,ranksums_on_loads
taxa346780,6.301848221392269e-08,ranksums_on_loads
taxa549871,0.935322450092526,ranksums_on_loads
taxa544358,6.301848221392269e-08,ranksums_on_loads
taxa302160,0.9138367624408552,ranksums_on_loads
taxa192573,0.8710691939955636,ranksums_on_loads
taxa175497,0.8498180212406273,ranksums_on_loads
taxa263461,,ranksums_on_loads
taxa302974,6.301848221392269e-08,ranksums_on_loads
taxa194648,8.072023591271679e-06,ranksums_on_loads
taxa195173,6.301848221392269e-08,ranksums_on_loads
taxa287978,0.892413863968481,ranksums_on_loads
taxa199487,0.8710691939955636,ranksums_on_loads
taxa190108,0.8286754110725284,ranksums_on_loads
taxa191306,0.03389485352468927,ranksums_on_loads
taxa299892,1.0,ranksums_on_loads
taxa174348,0.0005482519756690737,ranksums_on_loads
taxa192127,0.9568553503696526,ranksums_on_loads
taxa183200,0.9138367624408552,ranksums_on_loads
taxa182980,0.06329083223334525,ranksums_on_loads
taxa181843,1.0,ranksums_on_loads
taxa194053,6.301848221392269e-08,ranksums_on_loads
taxa109014,6.301848221392269e-08,ranksums_on_loads
taxa518438,0.935322450092526,ranksums_on_loads
taxa193343,6.301848221392269e-08,ranksums_on_loads
taxa357795,0.9138367624408552,ranksums_on_loads
taxa352304,0.935322450092526,ranksums_on_loads
taxa179460,0.8498180212406273,ranksums_on_loads
taxa469991,0.8440755982828949,ranksums_on_loads
taxa175537,0.8710691939955636,ranksums_on_loads
taxa288134,6.301848221392269e-08,ranksums_on_loads
taxa190464,6.301848221392269e-08,ranksums_on_loads
taxa178915,3.0955067058454105e-07,ranksums_on_loads
taxa366612,6.301848221392269e-08,ranksums_on_loads
taxa261912,0.8286754110725284,ranksums_on_loads
taxa185281,0.9568553503696526,ranksums_on_loads
taxa511008,0.8710691939955636,ranksums_on_loads
taxa470973,0.9568553503696526,ranksums_on_loads
taxa162162,0.7454830184564079,ranksums_on_loads
taxa181028,0.8506157101781388,ranksums_on_loads
taxa204044,0.8727801237939118,ranksums_on_loads
taxa470172,0.8498180212406273,ranksums_on_loads
taxa328422,0.8710691939955636,ranksums_on_loads
taxa21698,,ranksums_on_loads
taxa213747,6.301848221392269e-08,ranksums_on_loads
taxa262724,6.301848221392269e-08,ranksums_on_loads
taxa82283,6.301848221392269e-08,ranksums_on_loads
taxa316732,0.8710691939955636,ranksums_on_loads
taxa293896,0.892413863968481,ranksums_on_loads
taxa196731,0.8498180212406273,ranksums_on_loads
taxa167602,9.36984880761076e-08,ranksums_on_loads
taxa470114,0.1231088149584372,ranksums_on_loads
taxa170206,6.301848221392269e-08,ranksums_on_loads
taxa365676,1.9281209249304038e-06,ranksums_on_loads
taxa223059,0.9138367624408552,ranksums_on_loads
taxa187524,6.301848221392269e-08,ranksums_on_loads
taxa191541,6.301848221392269e-08,ranksums_on_loads
taxa212619,0.8076561934993387,ranksums_on_loads
taxa357470,0.935322450092526,ranksums_on_loads
taxa326792,6.301848221392269e-08,ranksums_on_loads
taxa325407,6.301848221392269e-08,ranksums_on_loads
taxa188646,0.9568553503696526,ranksums_on_loads
taxa171551,6.301848221392269e-08,ranksums_on_loads
taxa290260,0.8710691939955636,ranksums_on_loads
taxa367433,6.301848221392269e-08,ranksums_on_loads
taxa310301,0.9568553503696526,ranksums_on_loads
taxa193761,6.301848221392269e-08,ranksums_on_loads
taxa327476,0.8710691939955636,ranksums_on_loads
taxa189047,6.301848221392269e-08,ranksums_on_loads
taxa180658,6.301848221392269e-08,ranksums_on_loads
taxa269833,0.7867749320074033,ranksums_on_loads
taxa367055,0.9138367624408552,ranksums_on_loads
taxa203708,0.8498180212406273,ranksums_on_loads
taxa181892,9.36984880761076e-08,ranksums_on_loads
taxa589024,6.301848221392269e-08,ranksums_on_loads
qml_loads_delta,3.3599999999999994,qml_loads_delta
taxa326977,-2.7525377573436742,logged_relative_abundance_diff
taxa326977,0.6074622426563252,qml_logged_loads_diff
taxa326977,6.795615128173358e-08,qml_diff_pvalue
taxa326977,6.795615128173358e-08,mwu_diff_pvalue
taxa326977,6.795615128173358e-08,mwu_logged_pvalue
taxa469873,-3.3623547882296965,logged_relative_abundance_diff
taxa469873,-0.0023547882296970357,qml_logged_loads_diff
taxa469873,0.44074988359834266,qml_diff_pvalue
taxa469873,6.795615128173358e-08,mwu_diff_pvalue
taxa469873,6.795615128173358e-08,mwu_logged_pvalue
taxa357591,-3.3541484741502554,logged_relative_abundance_diff
taxa357591,0.0058515258497440215,qml_logged_loads_diff
taxa357591,0.6948910198677665,qml_diff_pvalue
taxa357591,6.795615128173358e-08,mwu_diff_pvalue
taxa357591,6.795615128173358e-08,mwu_logged_pvalue
taxa190872,-3.3809582838916388,logged_relative_abundance_diff
taxa190872,-0.02095828389163934,qml_logged_loads_diff
taxa190872,0.22502905744099,qml_diff_pvalue
taxa190872,1.5398434476269312e-07,mwu_diff_pvalue
taxa190872,1.5398434476269312e-07,mwu_logged_pvalue
taxa263681,-3.364530185814961,logged_relative_abundance_diff
taxa263681,-0.004530185814961563,qml_logged_loads_diff
taxa263681,0.05651653736796189,qml_diff_pvalue
taxa263681,6.795615128173358e-08,mwu_diff_pvalue
taxa263681,6.795615128173358e-08,mwu_logged_pvalue
taxa361480,2.792262266406235,logged_relative_abundance_diff
taxa361480,6.152262266406234,qml_logged_loads_diff
taxa361480,6.795615128173358e-08,qml_diff_pvalue
taxa361480,6.795615128173358e-08,mwu_diff_pvalue
taxa361480,6.795615128173358e-08,mwu_logged_pvalue
taxa347862,-3.3587416953303144,logged_relative_abundance_diff
taxa347862,0.0012583046696850175,qml_logged_loads_diff
taxa347862,0.7149798814655983,qml_diff_pvalue
taxa347862,6.795615128173358e-08,mwu_diff_pvalue
taxa347862,6.795615128173358e-08,mwu_logged_pvalue
taxa517293,-7.581746012408816,logged_relative_abundance_diff
taxa517293,-4.221746012408817,qml_logged_loads_diff
taxa517293,6.795615128173358e-08,qml_diff_pvalue
taxa517293,6.795615128173358e-08,mwu_diff_pvalue
taxa517293,6.795615128173358e-08,mwu_logged_pvalue
taxa2000,-3.338638142549213,logged_relative_abundance_diff
taxa2000,0.02136185745078656,qml_logged_loads_diff
taxa2000,0.39417090995164517,qml_diff_pvalue
taxa2000,6.795615128173358e-08,mwu_diff_pvalue
taxa2000,6.795615128173358e-08,mwu_logged_pvalue
taxa322235,-3.3600597208207352,logged_relative_abundance_diff
taxa322235,-5.9720820735797986e-05,qml_logged_loads_diff
taxa322235,0.5978625674290079,qml_diff_pvalue
taxa322235,6.795615128173358e-08,mwu_diff_pvalue
taxa322235,6.795615128173358e-08,mwu_logged_pvalue
taxa158660,-3.361034144501014,logged_relative_abundance_diff
taxa158660,-0.0010341445010144668,qml_logged_loads_diff
taxa158660,0.364841654608659,qml_diff_pvalue
taxa158660,6.795615128173358e-08,mwu_diff_pvalue
taxa158660,6.795615128173358e-08,mwu_logged_pvalue
taxa331820,-7.121258826963849,logged_relative_abundance_diff
taxa331820,-3.761258826963849,qml_logged_loads_diff
taxa331820,6.795615128173358e-08,qml_diff_pvalue
taxa331820,6.795615128173358e-08,mwu_diff_pvalue
taxa331820,6.795615128173358e-08,mwu_logged_pvalue
taxa244304,-3.361880869784507,logged_relative_abundance_diff
taxa244304,-0.0018808697845074107,qml_logged_loads_diff
taxa244304,0.1635957256111319,qml_diff_pvalue
taxa244304,6.795615128173358e-08,mwu_diff_pvalue
taxa244304,6.795615128173358e-08,mwu_logged_pvalue
taxa361496,-4.916254138717249,logged_relative_abundance_diff
taxa361496,-1.5562541387172493,qml_logged_loads_diff
taxa361496,6.795615128173358e-08,qml_diff_pvalue
taxa361496,6.795615128173358e-08,mwu_diff_pvalue
taxa361496,6.795615128173358e-08,mwu_logged_pvalue
taxa127309,-3.3529128083610393,logged_relative_abundance_diff
taxa127309,0.0070871916389601,qml_logged_loads_diff
taxa127309,0.31040225614615824,qml_diff_pvalue
taxa127309,6.795615128173358e-08,mwu_diff_pvalue
taxa127309,6.795615128173358e-08,mwu_logged_pvalue
taxa248140,2.500178552550124,logged_relative_abundance_diff
taxa248140,5.860178552550123,qml_logged_loads_diff
taxa248140,6.795615128173358e-08,qml_diff_pvalue
taxa248140,6.795615128173358e-08,mwu_diff_pvalue
taxa248140,6.795615128173358e-08,mwu_logged_pvalue
taxa348374,-9.95327578898399,logged_relative_abundance_diff
taxa348374,-6.593275788983991,qml_logged_loads_diff
taxa348374,6.795615128173358e-08,qml_diff_pvalue
taxa348374,6.795615128173358e-08,mwu_diff_pvalue
taxa348374,6.795615128173358e-08,mwu_logged_pvalue
taxa470812,-3.3329123046690263,logged_relative_abundance_diff
taxa470812,0.027087695330973105,qml_logged_loads_diff
taxa470812,0.08398807694016662,qml_diff_pvalue
taxa470812,1.0123648228562869e-07,mwu_diff_pvalue
taxa470812,1.0123648228562869e-07,mwu_logged_pvalue
taxa268540,-3.3659128145151183,logged_relative_abundance_diff
taxa268540,-0.005912814515118825,qml_logged_loads_diff
taxa268540,0.5427717015170068,qml_diff_pvalue
taxa268540,6.795615128173358e-08,mwu_diff_pvalue
taxa268540,6.795615128173358e-08,mwu_logged_pvalue
taxa291090,-3.3605148583869706,logged_relative_abundance_diff
taxa291090,-0.0005148583869711842,qml_logged_loads_diff
taxa291090,0.5427717015170068,qml_diff_pvalue
taxa291090,6.795615128173358e-08,mwu_diff_pvalue
taxa291090,6.795615128173358e-08,mwu_logged_pvalue
taxa541301,-3.374134218850413,logged_relative_abundance_diff
taxa541301,-0.01413421885041366,qml_logged_loads_diff
taxa541301,0.12643061736676814,qml_diff_pvalue
taxa541301,6.795615128173358e-08,mwu_diff_pvalue
taxa541301,6.795615128173358e-08,mwu_logged_pvalue
taxa171772,-3.3449599310124984,logged_relative_abundance_diff
taxa171772,0.015040068987500987,qml_logged_loads_diff
taxa171772,0.7352681529274933,qml_diff_pvalue
taxa171772,6.795615128173358e-08,mwu_diff_pvalue
taxa171772,6.795615128173358e-08,mwu_logged_pvalue
taxa259569,-3.3585034444935786,logged_relative_abundance_diff
taxa259569,0.0014965555064208047,qml_logged_loads_diff
taxa259569,0.9245727283322236,qml_diff_pvalue
taxa259569,6.795615128173358e-08,mwu_diff_pvalue
taxa259569,6.795615128173358e-08,mwu_logged_pvalue
taxa104780,-3.3847189454313025,logged_relative_abundance_diff
taxa104780,-0.02471894543130304,qml_logged_loads_diff
taxa104780,0.05310312455977325,qml_diff_pvalue
taxa104780,6.795615128173358e-08,mwu_diff_pvalue
taxa104780,6.795615128173358e-08,mwu_logged_pvalue
taxa138006,-3.361287041196853,logged_relative_abundance_diff
taxa138006,-0.0012870411968535223,qml_logged_loads_diff
taxa138006,0.6167746941014318,qml_diff_pvalue
taxa138006,6.795615128173358e-08,mwu_diff_pvalue
taxa138006,6.795615128173358e-08,mwu_logged_pvalue
taxa181095,-3.335976943039313,logged_relative_abundance_diff
taxa181095,0.024023056960686517,qml_logged_loads_diff
taxa181095,0.5792183523134169,qml_diff_pvalue
taxa181095,6.795615128173358e-08,mwu_diff_pvalue
taxa181095,6.795615128173358e-08,mwu_logged_pvalue
taxa278234,6.5203373151765485,logged_relative_abundance_diff
taxa278234,9.880337315176547,qml_logged_loads_diff
taxa278234,6.795615128173358e-08,qml_diff_pvalue
taxa278234,6.795615128173358e-08,mwu_diff_pvalue
taxa278234,6.795615128173358e-08,mwu_logged_pvalue
taxa177339,-3.3530114518019083,logged_relative_abundance_diff
taxa177339,0.006988548198091138,qml_logged_loads_diff
taxa177339,0.9031164959895642,qml_diff_pvalue
taxa177339,6.795615128173358e-08,mwu_diff_pvalue
taxa177339,6.795615128173358e-08,mwu_logged_pvalue
taxa193066,-3.368628324656619,logged_relative_abundance_diff
taxa193066,-0.008628324656619668,qml_logged_loads_diff
taxa193066,0.4734806277722057,qml_diff_pvalue
taxa193066,6.795615128173358e-08,mwu_diff_pvalue
taxa193066,6.795615128173358e-08,mwu_logged_pvalue
taxa405524,-3.363009759316043,logged_relative_abundance_diff
taxa405524,-0.0030097593160434144,qml_logged_loads_diff
taxa405524,0.8392322130718609,qml_diff_pvalue
taxa405524,6.795615128173358e-08,mwu_diff_pvalue
taxa405524,6.795615128173358e-08,mwu_logged_pvalue
taxa346780,4.906869730943955,logged_relative_abundance_diff
taxa346780,8.266869730943954,qml_logged_loads_diff
taxa346780,6.795615128173358e-08,qml_diff_pvalue
taxa346780,6.795615128173358e-08,mwu_diff_pvalue
taxa346780,6.795615128173358e-08,mwu_logged_pvalue
taxa549871,-3.369055143228283,logged_relative_abundance_diff
taxa549871,-0.009055143228283491,qml_logged_loads_diff
taxa549871,0.3234817459216911,qml_diff_pvalue
taxa549871,6.795615128173358e-08,mwu_diff_pvalue
taxa549871,6.795615128173358e-08,mwu_logged_pvalue
taxa544358,1.329853884273117,logged_relative_abundance_diff
taxa544358,4.689853884273116,qml_logged_loads_diff
taxa544358,6.795615128173358e-08,qml_diff_pvalue
taxa544358,6.795615128173358e-08,mwu_diff_pvalue
taxa544358,6.795615128173358e-08,mwu_logged_pvalue
taxa302160,-3.3531080594073472,logged_relative_abundance_diff
taxa302160,0.00689194059265219,qml_logged_loads_diff
taxa302160,0.7763905055505131,qml_diff_pvalue
taxa302160,6.795615128173358e-08,mwu_diff_pvalue
taxa302160,6.795615128173358e-08,mwu_logged_pvalue
taxa192573,-3.358892664561669,logged_relative_abundance_diff
taxa192573,0.0011073354383306366,qml_logged_loads_diff
taxa192573,0.7557428276359095,qml_diff_pvalue
taxa192573,6.795615128173358e-08,mwu_diff_pvalue
taxa192573,6.795615128173358e-08,mwu_logged_pvalue
taxa175497,-3.374835884427661,logged_relative_abundance_diff
taxa175497,-0.014835884427661483,qml_logged_loads_diff
taxa175497,0.39417090995164517,qml_diff_pvalue
taxa175497,6.795615128173358e-08,mwu_diff_pvalue
taxa175497,6.795615128173358e-08,mwu_logged_pvalue
taxa302974,2.56222175336441,logged_relative_abundance_diff
taxa302974,5.9222217533644095,qml_logged_loads_diff
taxa302974,6.795615128173358e-08,qml_diff_pvalue
taxa302974,6.795615128173358e-08,mwu_diff_pvalue
taxa302974,6.795615128173358e-08,mwu_logged_pvalue
taxa194648,-1.0648060075785484,logged_relative_abundance_diff
taxa194648,2.295193992421451,qml_logged_loads_diff
taxa194648,6.795615128173358e-08,qml_diff_pvalue
taxa194648,6.795615128173358e-08,mwu_diff_pvalue
taxa194648,6.795615128173358e-08,mwu_logged_pvalue
taxa195173,1.1213036883610634,logged_relative_abundance_diff
taxa195173,4.481303688361063,qml_logged_loads_diff
taxa195173,6.795615128173358e-08,qml_diff_pvalue
taxa195173,6.795615128173358e-08,mwu_diff_pvalue
taxa195173,6.795615128173358e-08,mwu_logged_pvalue
taxa287978,-3.357299269148042,logged_relative_abundance_diff
taxa287978,0.0027007308519575446,qml_logged_loads_diff
taxa287978,0.7557428276359095,qml_diff_pvalue
taxa287978,6.795615128173358e-08,mwu_diff_pvalue
taxa287978,6.795615128173358e-08,mwu_logged_pvalue
taxa199487,-3.3653345821887006,logged_relative_abundance_diff
taxa199487,-0.005334582188701198,qml_logged_loads_diff
taxa199487,0.9245727283322236,qml_diff_pvalue
taxa199487,6.795615128173358e-08,mwu_diff_pvalue
taxa199487,6.795615128173358e-08,mwu_logged_pvalue
taxa190108,-3.3785780984962575,logged_relative_abundance_diff
taxa190108,-0.018578098496258022,qml_logged_loads_diff
taxa190108,0.1805773768084653,qml_diff_pvalue
taxa190108,6.795615128173358e-08,mwu_diff_pvalue
taxa190108,6.795615128173358e-08,mwu_logged_pvalue
taxa299892,-3.3661626850437365,logged_relative_abundance_diff
taxa299892,-0.006162685043737071,qml_logged_loads_diff
taxa299892,0.5978625674290079,qml_diff_pvalue
taxa299892,6.795615128173358e-08,mwu_diff_pvalue
taxa299892,6.795615128173358e-08,mwu_logged_pvalue
taxa174348,-1.9320428352246068,logged_relative_abundance_diff
taxa174348,1.4279571647753926,qml_logged_loads_diff
taxa174348,1.0123648228562869e-07,qml_diff_pvalue
taxa174348,1.0123648228562869e-07,mwu_diff_pvalue
taxa174348,1.0123648228562869e-07,mwu_logged_pvalue
taxa192127,-3.3586290928708777,logged_relative_abundance_diff
taxa192127,0.00137090712912169,qml_logged_loads_diff
taxa192127,0.9245727283322236,qml_diff_pvalue
taxa192127,6.795615128173358e-08,mwu_diff_pvalue
taxa192127,6.795615128173358e-08,mwu_logged_pvalue
taxa183200,-3.366542050752429,logged_relative_abundance_diff
taxa183200,-0.006542050752429418,qml_logged_loads_diff
taxa183200,0.2732851201810752,qml_diff_pvalue
taxa183200,6.795615128173358e-08,mwu_diff_pvalue
taxa183200,6.795615128173358e-08,mwu_logged_pvalue
taxa182980,-1.173416145789985,logged_relative_abundance_diff
taxa182980,2.1865838542100144,qml_logged_loads_diff
taxa182980,0.0034052358212947604,qml_diff_pvalue
taxa182980,0.0034052358212947604,mwu_diff_pvalue
taxa182980,0.0034052358212947604,mwu_logged_pvalue
taxa181843,-3.367342831995,logged_relative_abundance_diff
taxa181843,-0.0073428319950004095,qml_logged_loads_diff
taxa181843,0.6167746941014318,qml_diff_pvalue
taxa181843,6.795615128173358e-08,mwu_diff_pvalue
taxa181843,6.795615128173358e-08,mwu_logged_pvalue
taxa194053,-5.990617225926187,logged_relative_abundance_diff
taxa194053,-2.630617225926188,qml_logged_loads_diff
taxa194053,6.795615128173358e-08,qml_diff_pvalue
taxa194053,6.795615128173358e-08,mwu_diff_pvalue
taxa194053,6.795615128173358e-08,mwu_logged_pvalue
taxa109014,-11.616877891137175,logged_relative_abundance_diff
taxa109014,-8.256877891137176,qml_logged_loads_diff
taxa109014,6.795615128173358e-08,qml_diff_pvalue
taxa109014,6.795615128173358e-08,mwu_diff_pvalue
taxa109014,6.795615128173358e-08,mwu_logged_pvalue
taxa518438,-3.357897898603645,logged_relative_abundance_diff
taxa518438,0.00210210139635425,qml_logged_loads_diff
taxa518438,0.9892089047911196,qml_diff_pvalue
taxa518438,6.795615128173358e-08,mwu_diff_pvalue
taxa518438,6.795615128173358e-08,mwu_logged_pvalue
taxa193343,3.4071174978928074,logged_relative_abundance_diff
taxa193343,6.767117497892807,qml_logged_loads_diff
taxa193343,6.795615128173358e-08,qml_diff_pvalue
taxa193343,6.795615128173358e-08,mwu_diff_pvalue
taxa193343,6.795615128173358e-08,mwu_logged_pvalue
taxa357795,-3.3604040202049568,logged_relative_abundance_diff
taxa357795,-0.0004040202049573338,qml_logged_loads_diff
taxa357795,0.8392322130718609,qml_diff_pvalue
taxa357795,6.795615128173358e-08,mwu_diff_pvalue
taxa357795,6.795615128173358e-08,mwu_logged_pvalue
taxa352304,-3.368308362461235,logged_relative_abundance_diff
taxa352304,-0.008308362461235674,qml_logged_loads_diff
taxa352304,0.5608516966002302,qml_diff_pvalue
taxa352304,6.795615128173358e-08,mwu_diff_pvalue
taxa352304,6.795615128173358e-08,mwu_logged_pvalue
taxa179460,-3.367810801169991,logged_relative_abundance_diff
taxa179460,-0.007810801169991777,qml_logged_loads_diff
taxa179460,0.8392322130718609,qml_diff_pvalue
taxa179460,6.795615128173358e-08,mwu_diff_pvalue
taxa179460,6.795615128173358e-08,mwu_logged_pvalue
taxa469991,-3.37993647982465,logged_relative_abundance_diff
taxa469991,-0.019936479824650633,qml_logged_loads_diff
taxa469991,0.07907160885075645,qml_diff_pvalue
taxa469991,1.0123648228562869e-07,mwu_diff_pvalue
taxa469991,1.0123648228562869e-07,mwu_logged_pvalue
taxa175537,-3.3484024083315216,logged_relative_abundance_diff
taxa175537,0.011597591668477847,qml_logged_loads_diff
taxa175537,0.49033426450951045,qml_diff_pvalue
taxa175537,6.795615128173358e-08,mwu_diff_pvalue
taxa175537,6.795615128173358e-08,mwu_logged_pvalue
taxa288134,3.075055085761277,logged_relative_abundance_diff
taxa288134,6.4350550857612765,qml_logged_loads_diff
taxa288134,6.795615128173358e-08,qml_diff_pvalue
taxa288134,6.795615128173358e-08,mwu_diff_pvalue
taxa288134,6.795615128173358e-08,mwu_logged_pvalue
taxa190464,-6.203723246397264,logged_relative_abundance_diff
taxa190464,-2.843723246397264,qml_logged_loads_diff
taxa190464,6.795615128173358e-08,qml_diff_pvalue
taxa190464,6.795615128173358e-08,mwu_diff_pvalue
taxa190464,6.795615128173358e-08,mwu_logged_pvalue
taxa178915,4.9440850669607945,logged_relative_abundance_diff
taxa178915,8.304085066960795,qml_logged_loads_diff
taxa178915,3.366273461531289e-07,qml_diff_pvalue
taxa178915,3.366273461531289e-07,mwu_diff_pvalue
taxa178915,3.366273461531289e-07,mwu_logged_pvalue
taxa366612,-11.718296519413538,logged_relative_abundance_diff
taxa366612,-8.358296519413539,qml_logged_loads_diff
taxa366612,6.795615128173358e-08,qml_diff_pvalue
taxa366612,6.795615128173358e-08,mwu_diff_pvalue
taxa366612,6.795615128173358e-08,mwu_logged_pvalue
taxa261912,-3.3669232241244416,logged_relative_abundance_diff
taxa261912,-0.006923224124442129,qml_logged_loads_diff
taxa261912,0.507505297961912,qml_diff_pvalue
taxa261912,6.795615128173358e-08,mwu_diff_pvalue
taxa261912,6.795615128173358e-08,mwu_logged_pvalue
taxa185281,-3.3571731784284253,logged_relative_abundance_diff
taxa185281,0.0028268215715741007,qml_logged_loads_diff
taxa185281,0.7149798814655983,qml_diff_pvalue
taxa185281,6.795615128173358e-08,mwu_diff_pvalue
taxa185281,6.795615128173358e-08,mwu_logged_pvalue
taxa511008,-3.3310527913363845,logged_relative_abundance_diff
taxa511008,0.028947208663614887,qml_logged_loads_diff
taxa511008,0.04986369021054049,qml_diff_pvalue
taxa511008,6.795615128173358e-08,mwu_diff_pvalue
taxa511008,6.795615128173358e-08,mwu_logged_pvalue
taxa470973,-3.3706740983110954,logged_relative_abundance_diff
taxa470973,-0.010674098311096003,qml_logged_loads_diff
taxa470973,0.2616164678785774,qml_diff_pvalue
taxa470973,6.795615128173358e-08,mwu_diff_pvalue
taxa470973,6.795615128173358e-08,mwu_logged_pvalue
taxa162162,-3.3451460483660416,logged_relative_abundance_diff
taxa162162,0.014853951633957863,qml_logged_loads_diff
taxa162162,0.19883449020829447,qml_diff_pvalue
taxa162162,6.795615128173358e-08,mwu_diff_pvalue
taxa162162,6.795615128173358e-08,mwu_logged_pvalue
taxa181028,-3.3664532012736927,logged_relative_abundance_diff
taxa181028,-0.00645320127369331,qml_logged_loads_diff
taxa181028,0.8670498125862652,qml_diff_pvalue
taxa181028,4.15064825629037e-06,mwu_diff_pvalue
taxa181028,4.15064825629037e-06,mwu_logged_pvalue
taxa204044,-3.377474197127736,logged_relative_abundance_diff
taxa204044,-0.01747419712773679,qml_logged_loads_diff
taxa204044,0.5751735319201967,qml_diff_pvalue
taxa204044,0.005074868097940253,mwu_diff_pvalue
taxa204044,0.005074868097940253,mwu_logged_pvalue
taxa470172,-3.361824596419031,logged_relative_abundance_diff
taxa470172,-0.0018245964190315433,qml_logged_loads_diff
taxa470172,0.49033426450951045,qml_diff_pvalue
taxa470172,6.795615128173358e-08,mwu_diff_pvalue
taxa470172,6.795615128173358e-08,mwu_logged_pvalue
taxa328422,-3.3584896424049564,logged_relative_abundance_diff
taxa328422,0.0015103575950430326,qml_logged_loads_diff
taxa328422,0.31040225614615824,qml_diff_pvalue
taxa328422,6.795615128173358e-08,mwu_diff_pvalue
taxa328422,6.795615128173358e-08,mwu_logged_pvalue
taxa213747,-10.475537237500966,logged_relative_abundance_diff
taxa213747,-7.115537237500966,qml_logged_loads_diff
taxa213747,6.795615128173358e-08,qml_diff_pvalue
taxa213747,6.795615128173358e-08,mwu_diff_pvalue
taxa213747,6.795615128173358e-08,mwu_logged_pvalue
taxa262724,4.503801737803762,logged_relative_abundance_diff
taxa262724,7.863801737803762,qml_logged_loads_diff
taxa262724,6.795615128173358e-08,qml_diff_pvalue
taxa262724,6.795615128173358e-08,mwu_diff_pvalue
taxa262724,6.795615128173358e-08,mwu_logged_pvalue
taxa82283,-7.88873994904276,logged_relative_abundance_diff
taxa82283,-4.528739949042761,qml_logged_loads_diff
taxa82283,6.795615128173358e-08,qml_diff_pvalue
taxa82283,6.795615128173358e-08,mwu_diff_pvalue
taxa82283,6.795615128173358e-08,mwu_logged_pvalue
taxa316732,-3.3596068731548723,logged_relative_abundance_diff
taxa316732,0.00039312684512715634,qml_logged_loads_diff
taxa316732,0.6359445511344555,qml_diff_pvalue
taxa316732,6.795615128173358e-08,mwu_diff_pvalue
taxa316732,6.795615128173358e-08,mwu_logged_pvalue
taxa293896,-3.3537566488225057,logged_relative_abundance_diff
taxa293896,0.00624335117749375,qml_logged_loads_diff
taxa293896,0.25029679750351186,qml_diff_pvalue
taxa293896,6.795615128173358e-08,mwu_diff_pvalue
taxa293896,6.795615128173358e-08,mwu_logged_pvalue
taxa196731,-3.3607322891652522,logged_relative_abundance_diff
taxa196731,-0.0007322891652528085,qml_logged_loads_diff
taxa196731,0.3507022236669548,qml_diff_pvalue
taxa196731,6.795615128173358e-08,mwu_diff_pvalue
taxa196731,6.795615128173358e-08,mwu_logged_pvalue
taxa167602,-9.078895171845204,logged_relative_abundance_diff
taxa167602,-5.718895171845205,qml_logged_loads_diff
taxa167602,1.0123648228562869e-07,qml_diff_pvalue
taxa167602,1.0123648228562869e-07,mwu_diff_pvalue
taxa167602,1.0123648228562869e-07,mwu_logged_pvalue
taxa470114,-3.6886311366914146,logged_relative_abundance_diff
taxa470114,-0.3286311366914152,qml_logged_loads_diff
taxa470114,6.795615128173358e-08,qml_diff_pvalue
taxa470114,6.795615128173358e-08,mwu_diff_pvalue
taxa470114,6.795615128173358e-08,mwu_logged_pvalue
taxa170206,3.4035101463220645,logged_relative_abundance_diff
taxa170206,6.763510146322064,qml_logged_loads_diff
taxa170206,6.795615128173358e-08,qml_diff_pvalue
taxa170206,6.795615128173358e-08,mwu_diff_pvalue
taxa170206,6.795615128173358e-08,mwu_logged_pvalue
taxa365676,-5.342836419873452,logged_relative_abundance_diff
taxa365676,-1.9828364198734523,qml_logged_loads_diff
taxa365676,6.795615128173358e-08,qml_diff_pvalue
taxa365676,6.795615128173358e-08,mwu_diff_pvalue
taxa365676,6.795615128173358e-08,mwu_logged_pvalue
taxa223059,-3.3590511648847743,logged_relative_abundance_diff
taxa223059,0.000948835115225144,qml_logged_loads_diff
taxa223059,0.7763905055505131,qml_diff_pvalue
taxa223059,6.795615128173358e-08,mwu_diff_pvalue
taxa223059,6.795615128173358e-08,mwu_logged_pvalue
taxa187524,5.7701529103112446,logged_relative_abundance_diff
taxa187524,9.130152910311244,qml_logged_loads_diff
taxa187524,6.795615128173358e-08,qml_diff_pvalue
taxa187524,6.795615128173358e-08,mwu_diff_pvalue
taxa187524,6.795615128173358e-08,mwu_logged_pvalue
taxa191541,-7.196828885888369,logged_relative_abundance_diff
taxa191541,-3.8368288858883695,qml_logged_loads_diff
taxa191541,6.795615128173358e-08,qml_diff_pvalue
taxa191541,6.795615128173358e-08,mwu_diff_pvalue
taxa191541,6.795615128173358e-08,mwu_logged_pvalue
taxa212619,-3.4236756871802925,logged_relative_abundance_diff
taxa212619,-0.06367568718029304,qml_logged_loads_diff
taxa212619,1.0472741665207472e-06,qml_diff_pvalue
taxa212619,6.795615128173358e-08,mwu_diff_pvalue
taxa212619,6.795615128173358e-08,mwu_logged_pvalue
taxa357470,-3.3559737618866574,logged_relative_abundance_diff
taxa357470,0.004026238113342018,qml_logged_loads_diff
taxa357470,0.9892089047911196,qml_diff_pvalue
taxa357470,6.795615128173358e-08,mwu_diff_pvalue
taxa357470,6.795615128173358e-08,mwu_logged_pvalue
taxa326792,2.907474546361759,logged_relative_abundance_diff
taxa326792,6.2674745463617585,qml_logged_loads_diff
taxa326792,6.795615128173358e-08,qml_diff_pvalue
taxa326792,6.795615128173358e-08,mwu_diff_pvalue
taxa326792,6.795615128173358e-08,mwu_logged_pvalue
taxa325407,-7.477427022634929,logged_relative_abundance_diff
taxa325407,-4.11742702263493,qml_logged_loads_diff
taxa325407,6.795615128173358e-08,qml_diff_pvalue
taxa325407,6.795615128173358e-08,mwu_diff_pvalue
taxa325407,6.795615128173358e-08,mwu_logged_pvalue
taxa188646,-3.385961446184762,logged_relative_abundance_diff
taxa188646,-0.025961446184762593,qml_logged_loads_diff
taxa188646,0.22869435423745565,qml_diff_pvalue
taxa188646,6.795615128173358e-08,mwu_diff_pvalue
taxa188646,6.795615128173358e-08,mwu_logged_pvalue
taxa171551,-0.11524632142454294,logged_relative_abundance_diff
taxa171551,3.2447536785754565,qml_logged_loads_diff
taxa171551,6.795615128173358e-08,qml_diff_pvalue
taxa171551,6.795615128173358e-08,mwu_diff_pvalue
taxa171551,6.795615128173358e-08,mwu_logged_pvalue
taxa290260,-3.355132933532455,logged_relative_abundance_diff
taxa290260,0.004867066467544312,qml_logged_loads_diff
taxa290260,0.9892089047911196,qml_diff_pvalue
taxa290260,6.795615128173358e-08,mwu_diff_pvalue
taxa290260,6.795615128173358e-08,mwu_logged_pvalue
taxa367433,2.6974340086323494,logged_relative_abundance_diff
taxa367433,6.057434008632349,qml_logged_loads_diff
taxa367433,6.795615128173358e-08,qml_diff_pvalue
taxa367433,6.795615128173358e-08,mwu_diff_pvalue
taxa367433,6.795615128173358e-08,mwu_logged_pvalue
taxa310301,-3.3749547048962736,logged_relative_abundance_diff
taxa310301,-0.014954704896274151,qml_logged_loads_diff
taxa310301,0.9460839766250224,qml_diff_pvalue
taxa310301,6.795615128173358e-08,mwu_diff_pvalue
taxa310301,6.795615128173358e-08,mwu_logged_pvalue
taxa193761,-10.921894108527981,logged_relative_abundance_diff
taxa193761,-7.561894108527982,qml_logged_loads_diff
taxa193761,6.795615128173358e-08,qml_diff_pvalue
taxa193761,6.795615128173358e-08,mwu_diff_pvalue
taxa193761,6.795615128173358e-08,mwu_logged_pvalue
taxa327476,-3.358663902694749,logged_relative_abundance_diff
taxa327476,0.0013360973052503056,qml_logged_loads_diff
taxa327476,0.5978625674290079,qml_diff_pvalue
taxa327476,6.795615128173358e-08,mwu_diff_pvalue
taxa327476,6.795615128173358e-08,mwu_logged_pvalue
taxa189047,-9.583566013767214,logged_relative_abundance_diff
taxa189047,-6.223566013767215,qml_logged_loads_diff
taxa189047,6.795615128173358e-08,qml_diff_pvalue
taxa189047,6.795615128173358e-08,mwu_diff_pvalue
taxa189047,6.795615128173358e-08,mwu_logged_pvalue
taxa180658,-11.119571426162533,logged_relative_abundance_diff
taxa180658,-7.759571426162534,qml_logged_loads_diff
taxa180658,6.795615128173358e-08,qml_diff_pvalue
taxa180658,6.795615128173358e-08,mwu_diff_pvalue
taxa180658,6.795615128173358e-08,mwu_logged_pvalue
taxa269833,-3.3564147532742927,logged_relative_abundance_diff
taxa269833,0.0035852467257067033,qml_logged_loads_diff
taxa269833,0.8181494613881999,qml_diff_pvalue
taxa269833,6.795615128173358e-08,mwu_diff_pvalue
taxa269833,6.795615128173358e-08,mwu_logged_pvalue
taxa367055,-3.35998567311883,logged_relative_abundance_diff
taxa367055,1.4326881169424155e-05,qml_logged_loads_diff
taxa367055,0.5608516966002302,qml_diff_pvalue
taxa367055,6.795615128173358e-08,mwu_diff_pvalue
taxa367055,6.795615128173358e-08,mwu_logged_pvalue
taxa203708,-3.341759189697269,logged_relative_abundance_diff
taxa203708,0.01824081030273028,qml_logged_loads_diff
taxa203708,0.023903145867558404,qml_diff_pvalue
taxa203708,6.795615128173358e-08,mwu_diff_pvalue
taxa203708,6.795615128173358e-08,mwu_logged_pvalue
taxa181892,-9.759721075721593,logged_relative_abundance_diff
taxa181892,-6.399721075721594,qml_logged_loads_diff
taxa181892,1.0123648228562869e-07,qml_diff_pvalue
taxa181892,1.0123648228562869e-07,mwu_diff_pvalue
taxa181892,1.0123648228562869e-07,mwu_logged_pvalue
taxa589024,-12.720303819338397,logged_relative_abundance_diff
taxa589024,-9.360303819338398,qml_logged_loads_diff
taxa589024,6.795615128173358e-08,qml_diff_pvalue
taxa589024,6.795615128173358e-08,mwu_diff_pvalue
taxa589024,6.795615128173358e-08,mwu_logged_pvalue
taxa326977,1.9610203655585978e-07,qml_diff_qvalue
taxa469873,0.6955584100536345,qml_diff_qvalue
taxa357591,0.8664690494647458,qml_diff_qvalue
taxa190872,0.43581376939590605,qml_diff_qvalue
taxa263681,0.1268482283147589,qml_diff_qvalue
taxa361480,1.9610203655585978e-07,qml_diff_qvalue
taxa347862,0.8700357593738004,qml_diff_qvalue
taxa517293,1.9610203655585978e-07,qml_diff_qvalue
taxa2000,0.631924792144701,qml_diff_qvalue
taxa322235,0.7842093416925947,qml_diff_qvalue
taxa158660,0.6040820838602388,qml_diff_qvalue
taxa331820,1.9610203655585978e-07,qml_diff_qvalue
taxa244304,0.3372075160555984,qml_diff_qvalue
taxa361496,1.9610203655585978e-07,qml_diff_qvalue
taxa127309,0.5405280667372756,qml_diff_qvalue
taxa248140,1.9610203655585978e-07,qml_diff_qvalue
taxa348374,1.9610203655585978e-07,qml_diff_qvalue
taxa470812,0.18048501640333678,qml_diff_qvalue
taxa268540,0.7831420264745385,qml_diff_qvalue
taxa291090,0.7831420264745385,qml_diff_qvalue
taxa541301,0.2660310907092413,qml_diff_qvalue
taxa171772,0.8840724219723431,qml_diff_qvalue
taxa259569,0.9626994387789133,qml_diff_qvalue
taxa104780,0.12189580864857041,qml_diff_qvalue
taxa138006,0.7885347354967672,qml_diff_qvalue
taxa181095,0.7842093416925947,qml_diff_qvalue
taxa278234,1.9610203655585978e-07,qml_diff_qvalue
taxa177339,0.9626994387789133,qml_diff_qvalue
taxa193066,0.7357160523845042,qml_diff_qvalue
taxa405524,0.921331016524543,qml_diff_qvalue
taxa346780,1.9610203655585978e-07,qml_diff_qvalue
taxa549871,0.5537568870862848,qml_diff_qvalue
taxa544358,1.9610203655585978e-07,qml_diff_qvalue
taxa302160,0.8910845575068389,qml_diff_qvalue
taxa192573,0.8875584371072891,qml_diff_qvalue
taxa175497,0.631924792144701,qml_diff_qvalue
taxa302974,1.9610203655585978e-07,qml_diff_qvalue
taxa194648,1.9610203655585978e-07,qml_diff_qvalue
taxa195173,1.9610203655585978e-07,qml_diff_qvalue
taxa287978,0.8875584371072891,qml_diff_qvalue
taxa199487,0.9626994387789133,qml_diff_qvalue
taxa190108,0.36476630115309994,qml_diff_qvalue
taxa299892,0.7842093416925947,qml_diff_qvalue
taxa174348,2.6907591344338154e-07,qml_diff_qvalue
taxa192127,0.9626994387789133,qml_diff_qvalue
taxa183200,0.4928892346122963,qml_diff_qvalue
taxa182980,0.008388507754896848,qml_diff_qvalue
taxa181843,0.7885347354967672,qml_diff_qvalue
taxa194053,1.9610203655585978e-07,qml_diff_qvalue
taxa109014,1.9610203655585978e-07,qml_diff_qvalue
taxa518438,0.9892089047911196,qml_diff_qvalue
taxa193343,1.9610203655585978e-07,qml_diff_qvalue
taxa357795,0.921331016524543,qml_diff_qvalue
taxa352304,0.7842093416925947,qml_diff_qvalue
taxa179460,0.921331016524543,qml_diff_qvalue
taxa469991,0.17361374986796524,qml_diff_qvalue
taxa175537,0.739160607693441,qml_diff_qvalue
taxa288134,1.9610203655585978e-07,qml_diff_qvalue
taxa190464,1.9610203655585978e-07,qml_diff_qvalue
taxa178915,8.71778511832462e-07,qml_diff_qvalue
taxa366612,1.9610203655585978e-07,qml_diff_qvalue
taxa261912,0.7537946337375457,qml_diff_qvalue
taxa185281,0.8700357593738004,qml_diff_qvalue
taxa511008,0.11712169095964162,qml_diff_qvalue
taxa470973,0.4804229682861148,qml_diff_qvalue
taxa162162,0.39377026492230865,qml_diff_qvalue
taxa181028,0.9416347427012127,qml_diff_qvalue
taxa204044,0.7842093416925947,qml_diff_qvalue
taxa470172,0.739160607693441,qml_diff_qvalue
taxa328422,0.5405280667372756,qml_diff_qvalue
taxa213747,1.9610203655585978e-07,qml_diff_qvalue
taxa262724,1.9610203655585978e-07,qml_diff_qvalue
taxa82283,1.9610203655585978e-07,qml_diff_qvalue
taxa316732,0.80287999580725,qml_diff_qvalue
taxa293896,0.46814771384916104,qml_diff_qvalue
taxa196731,0.5903487431727072,qml_diff_qvalue
taxa167602,2.6907591344338154e-07,qml_diff_qvalue
taxa470114,1.9610203655585978e-07,qml_diff_qvalue
taxa170206,1.9610203655585978e-07,qml_diff_qvalue
taxa365676,1.9610203655585978e-07,qml_diff_qvalue
taxa223059,0.8910845575068389,qml_diff_qvalue
taxa187524,1.9610203655585978e-07,qml_diff_qvalue
taxa191541,1.9610203655585978e-07,qml_diff_qvalue
taxa212619,2.6443672704648865e-06,qml_diff_qvalue
taxa357470,0.9892089047911196,qml_diff_qvalue
taxa326792,1.9610203655585978e-07,qml_diff_qvalue
taxa325407,1.9610203655585978e-07,qml_diff_qvalue
taxa188646,0.43581376939590605,qml_diff_qvalue
taxa171551,1.9610203655585978e-07,qml_diff_qvalue
taxa290260,0.9892089047911196,qml_diff_qvalue
taxa367433,1.9610203655585978e-07,qml_diff_qvalue
taxa310301,0.9750457310115027,qml_diff_qvalue
taxa193761,1.9610203655585978e-07,qml_diff_qvalue
taxa327476,0.7842093416925947,qml_diff_qvalue
taxa189047,1.9610203655585978e-07,qml_diff_qvalue
taxa180658,1.9610203655585978e-07,qml_diff_qvalue
taxa269833,0.921331016524543,qml_diff_qvalue
taxa367055,0.7842093416925947,qml_diff_qvalue
taxa203708,0.0574813745862714,qml_diff_qvalue
taxa181892,2.6907591344338154e-07,qml_diff_qvalue
taxa589024,1.9610203655585978e-07,qml_diff_qvalue
taxa326977,1.0,ancomP
taxa469873,0.0,ancomP
taxa357591,0.0,ancomP
taxa190872,0.0,ancomP
taxa263681,0.0,ancomP
taxa361480,1.0,ancomP
taxa347862,0.0,ancomP
taxa517293,1.0,ancomP
taxa2000,0.0,ancomP
taxa322235,0.0,ancomP
taxa158660,0.0,ancomP
taxa331820,1.0,ancomP
taxa244304,0.0,ancomP
taxa361496,1.0,ancomP
taxa127309,0.0,ancomP
taxa248140,1.0,ancomP
taxa348374,1.0,ancomP
taxa470812,0.0,ancomP
taxa268540,0.0,ancomP
taxa291090,0.0,ancomP
taxa541301,0.0,ancomP
taxa171772,0.0,ancomP
taxa259569,0.0,ancomP
taxa104780,0.0,ancomP
taxa138006,0.0,ancomP
taxa181095,0.0,ancomP
taxa278234,1.0,ancomP
taxa177339,0.0,ancomP
taxa193066,0.0,ancomP
taxa405524,0.0,ancomP
taxa346780,1.0,ancomP
taxa549871,0.0,ancomP
taxa544358,1.0,ancomP
taxa302160,0.0,ancomP
taxa192573,0.0,ancomP
taxa175497,0.0,ancomP
taxa302974,1.0,ancomP
taxa194648,1.0,ancomP
taxa195173,1.0,ancomP
taxa287978,0.0,ancomP
taxa199487,0.0,ancomP
taxa190108,0.0,ancomP
taxa299892,0.0,ancomP
taxa174348,1.0,ancomP
taxa192127,0.0,ancomP
taxa183200,0.0,ancomP
taxa182980,1.0,ancomP
taxa181843,0.0,ancomP
taxa194053,1.0,ancomP
taxa109014,1.0,ancomP
taxa518438,0.0,ancomP
taxa193343,1.0,ancomP
taxa357795,0.0,ancomP
taxa352304,0.0,ancomP
taxa179460,0.0,ancomP
taxa469991,0.0,ancomP
taxa175537,0.0,ancomP
taxa288134,1.0,ancomP
taxa190464,1.0,ancomP
taxa178915,1.0,ancomP
taxa366612,1.0,ancomP
taxa261912,0.0,ancomP
taxa185281,0.0,ancomP
taxa511008,0.0,ancomP
taxa470973,0.0,ancomP
taxa162162,0.0,ancomP
taxa181028,0.0,ancomP
taxa204044,1.0,ancomP
taxa470172,0.0,ancomP
taxa328422,0.0,ancomP
taxa213747,1.0,ancomP
taxa262724,1.0,ancomP
taxa82283,1.0,ancomP
taxa316732,0.0,ancomP
taxa293896,0.0,ancomP
taxa196731,0.0,ancomP
taxa167602,1.0,ancomP
taxa470114,1.0,ancomP
taxa170206,1.0,ancomP
taxa365676,1.0,ancomP
taxa223059,0.0,ancomP
taxa187524,1.0,ancomP
taxa191541,1.0,ancomP
taxa212619,1.0,ancomP
taxa357470,0.0,ancomP
taxa326792,1.0,ancomP
taxa325407,1.0,ancomP
taxa188646,0.0,ancomP
taxa171551,1.0,ancomP
taxa290260,0.0,ancomP
taxa367433,1.0,ancomP
taxa310301,0.0,ancomP
taxa193761,1.0,ancomP
taxa327476,0.0,ancomP
taxa189047,1.0,ancomP
taxa180658,1.0,ancomP
taxa269833,0.0,ancomP
taxa367055,0.0,ancomP
taxa203708,0.0,ancomP
taxa181892,1.0,ancomP
taxa589024,1.0,ancomP
bias.em,0.0455275550195573,bias.em
bias.wls,0.0369353334875712,bias.wls
taxa326977,0.6040635435999098,ANCOM_BC_diff
taxa326977,1.37126892389887e-13,ANCOM_BC_diff_pval
taxa326977,1.38498161313786e-11,ANCOM_BC_diff_qval
taxa326977,True,ANCOM_BC_diff_diff_abn
taxa469873,0.0017403288510766809,ANCOM_BC_diff
taxa469873,0.982410389599088,ANCOM_BC_diff_pval
taxa469873,1.0,ANCOM_BC_diff_qval
taxa469873,False,ANCOM_BC_diff_diff_abn
taxa357591,0.009946439725356363,ANCOM_BC_diff
taxa357591,0.8993158423285,ANCOM_BC_diff_pval
taxa357591,1.0,ANCOM_BC_diff_qval
taxa357591,False,ANCOM_BC_diff_diff_abn
taxa190872,1.7483793957144906,ANCOM_BC_diff
taxa190872,0.128760784328273,ANCOM_BC_diff_pval
taxa190872,1.0,ANCOM_BC_diff_qval
taxa190872,False,ANCOM_BC_diff_diff_abn
taxa263681,-0.029472107747787187,ANCOM_BC_diff
taxa263681,0.7135865608947091,ANCOM_BC_diff_pval
taxa263681,1.0,ANCOM_BC_diff_qval
taxa263681,False,ANCOM_BC_diff_diff_abn
taxa361480,6.156356867556407,ANCOM_BC_diff
taxa361480,0.0,ANCOM_BC_diff_pval
taxa361480,0.0,ANCOM_BC_diff_qval
taxa361480,True,ANCOM_BC_diff_diff_abn
taxa347862,0.005353363827260237,ANCOM_BC_diff
taxa347862,0.9423812251158891,ANCOM_BC_diff_pval
taxa347862,1.0,ANCOM_BC_diff_qval
taxa347862,False,ANCOM_BC_diff_diff_abn
taxa517293,-4.217643747882967,ANCOM_BC_diff
taxa517293,0.0,ANCOM_BC_diff_pval
taxa517293,0.0,ANCOM_BC_diff_qval
taxa517293,True,ANCOM_BC_diff_diff_abn
taxa2000,0.025457040747600218,ANCOM_BC_diff
taxa2000,0.732236797354092,ANCOM_BC_diff_pval
taxa2000,1.0,ANCOM_BC_diff_qval
taxa2000,False,ANCOM_BC_diff_diff_abn
taxa322235,-0.025082005364003877,ANCOM_BC_diff
taxa322235,0.756595503922189,ANCOM_BC_diff_pval
taxa322235,1.0,ANCOM_BC_diff_qval
taxa322235,False,ANCOM_BC_diff_diff_abn
taxa158660,-0.025899686381332457,ANCOM_BC_diff
taxa158660,0.75074465567966,ANCOM_BC_diff_pval
taxa158660,1.0,ANCOM_BC_diff_qval
taxa158660,False,ANCOM_BC_diff_diff_abn
taxa331820,-3.7635223334687926,ANCOM_BC_diff
taxa331820,0.0,ANCOM_BC_diff_pval
taxa331820,0.0,ANCOM_BC_diff_qval
taxa331820,True,ANCOM_BC_diff_diff_abn
taxa244304,-0.004381312132123978,ANCOM_BC_diff
taxa244304,0.956663358281879,ANCOM_BC_diff_pval
taxa244304,1.0,ANCOM_BC_diff_qval
taxa244304,False,ANCOM_BC_diff_diff_abn
taxa361496,-1.5521588888063511,ANCOM_BC_diff
taxa361496,6.545091801464389e-87,ANCOM_BC_diff_pval
taxa361496,6.610542719479038e-85,ANCOM_BC_diff_qval
taxa361496,True,ANCOM_BC_diff_diff_abn
taxa127309,0.004957990816762411,ANCOM_BC_diff
taxa127309,0.9513474365419091,ANCOM_BC_diff_pval
taxa127309,1.0,ANCOM_BC_diff_qval
taxa127309,False,ANCOM_BC_diff_diff_abn
taxa248140,5.864273021819806,ANCOM_BC_diff
taxa248140,0.0,ANCOM_BC_diff_pval
taxa248140,0.0,ANCOM_BC_diff_qval
taxa248140,True,ANCOM_BC_diff_diff_abn
taxa348374,-6.59643718161666,ANCOM_BC_diff
taxa348374,0.0,ANCOM_BC_diff_pval
taxa348374,0.0,ANCOM_BC_diff_qval
taxa348374,True,ANCOM_BC_diff_diff_abn
taxa470812,0.9286366276204576,ANCOM_BC_diff
taxa470812,0.269354096645092,ANCOM_BC_diff_pval
taxa470812,1.0,ANCOM_BC_diff_qval
taxa470812,False,ANCOM_BC_diff_diff_abn
taxa268540,-0.01033285289446801,ANCOM_BC_diff
taxa268540,0.901199540326888,ANCOM_BC_diff_pval
taxa268540,1.0,ANCOM_BC_diff_qval
taxa268540,False,ANCOM_BC_diff_diff_abn
taxa291090,0.0035800287403506977,ANCOM_BC_diff
taxa291090,0.9641451018066,ANCOM_BC_diff_pval
taxa291090,1.0,ANCOM_BC_diff_qval
taxa291090,False,ANCOM_BC_diff_diff_abn
taxa541301,-0.01895354977788457,ANCOM_BC_diff
taxa541301,0.8105806373118991,ANCOM_BC_diff_pval
taxa541301,1.0,ANCOM_BC_diff_qval
taxa541301,False,ANCOM_BC_diff_diff_abn
taxa171772,0.018619821177227883,ANCOM_BC_diff
taxa171772,0.822527490860793,ANCOM_BC_diff_pval
taxa171772,1.0,ANCOM_BC_diff_qval
taxa171772,False,ANCOM_BC_diff_diff_abn
taxa259569,-0.0009257114000936756,ANCOM_BC_diff
taxa259569,0.990816907022456,ANCOM_BC_diff_pval
taxa259569,1.0,ANCOM_BC_diff_qval
taxa259569,False,ANCOM_BC_diff_diff_abn
taxa104780,-0.015007508531753462,ANCOM_BC_diff
taxa104780,0.864974735598927,ANCOM_BC_diff_pval
taxa104780,1.0,ANCOM_BC_diff_qval
taxa104780,False,ANCOM_BC_diff_diff_abn
taxa138006,0.007604203624755947,ANCOM_BC_diff
taxa138006,0.9269553421049871,ANCOM_BC_diff_pval
taxa138006,1.0,ANCOM_BC_diff_qval
taxa138006,False,ANCOM_BC_diff_diff_abn
taxa181095,0.020259611309109922,ANCOM_BC_diff
taxa181095,0.774816637647876,ANCOM_BC_diff_pval
taxa181095,1.0,ANCOM_BC_diff_qval
taxa181095,False,ANCOM_BC_diff_diff_abn
taxa278234,9.88442943037486,ANCOM_BC_diff
taxa278234,0.0,ANCOM_BC_diff_pval
taxa278234,0.0,ANCOM_BC_diff_qval
taxa278234,True,ANCOM_BC_diff_diff_abn
taxa177339,0.0009659953541551603,ANCOM_BC_diff
taxa177339,0.990052124095675,ANCOM_BC_diff_pval
taxa177339,1.0,ANCOM_BC_diff_qval
taxa177339,False,ANCOM_BC_diff_diff_abn
taxa193066,-0.012251165747215558,ANCOM_BC_diff
taxa193066,0.8855152372076541,ANCOM_BC_diff_pval
taxa193066,1.0,ANCOM_BC_diff_qval
taxa193066,False,ANCOM_BC_diff_diff_abn
taxa405524,-0.01984098117834168,ANCOM_BC_diff
taxa405524,0.808114074825602,ANCOM_BC_diff_pval
taxa405524,1.0,ANCOM_BC_diff_qval
taxa405524,False,ANCOM_BC_diff_diff_abn
taxa346780,8.252012228104533,ANCOM_BC_diff
taxa346780,0.0,ANCOM_BC_diff_pval
taxa346780,0.0,ANCOM_BC_diff_qval
taxa346780,True,ANCOM_BC_diff_diff_abn
taxa549871,-0.01221221047370588,ANCOM_BC_diff
taxa549871,0.8907888483875022,ANCOM_BC_diff_pval
taxa549871,1.0,ANCOM_BC_diff_qval
taxa549871,False,ANCOM_BC_diff_diff_abn
taxa544358,4.690808863044387,ANCOM_BC_diff
taxa544358,0.0,ANCOM_BC_diff_pval
taxa544358,0.0,ANCOM_BC_diff_qval
taxa544358,True,ANCOM_BC_diff_diff_abn
taxa302160,0.021409272379784745,ANCOM_BC_diff
taxa302160,0.777554627309013,ANCOM_BC_diff_pval
taxa302160,1.0,ANCOM_BC_diff_qval
taxa302160,False,ANCOM_BC_diff_diff_abn
taxa192573,0.005202203571737499,ANCOM_BC_diff
taxa192573,0.947462890908674,ANCOM_BC_diff_pval
taxa192573,1.0,ANCOM_BC_diff_qval
taxa192573,False,ANCOM_BC_diff_diff_abn
taxa175497,-0.01640372589544252,ANCOM_BC_diff
taxa175497,0.853727376578303,ANCOM_BC_diff_pval
taxa175497,1.0,ANCOM_BC_diff_qval
taxa175497,False,ANCOM_BC_diff_diff_abn
taxa302974,5.918895555315628,ANCOM_BC_diff
taxa302974,0.0,ANCOM_BC_diff_pval
taxa302974,0.0,ANCOM_BC_diff_qval
taxa302974,True,ANCOM_BC_diff_diff_abn
taxa194648,2.27664359460443,ANCOM_BC_diff
taxa194648,4.1536934999260695e-153,ANCOM_BC_diff_pval
taxa194648,4.1952304349253284e-151,ANCOM_BC_diff_qval
taxa194648,True,ANCOM_BC_diff_diff_abn
taxa195173,4.485397519366713,ANCOM_BC_diff
taxa195173,0.0,ANCOM_BC_diff_pval
taxa195173,0.0,ANCOM_BC_diff_qval
taxa195173,True,ANCOM_BC_diff_diff_abn
taxa287978,0.00020324719861553018,ANCOM_BC_diff
taxa287978,0.9980290158872909,ANCOM_BC_diff_pval
taxa287978,1.0,ANCOM_BC_diff_qval
taxa287978,False,ANCOM_BC_diff_diff_abn
taxa199487,-0.008686336058348667,ANCOM_BC_diff
taxa199487,0.917828127804735,ANCOM_BC_diff_pval
taxa199487,1.0,ANCOM_BC_diff_qval
taxa199487,False,ANCOM_BC_diff_diff_abn
taxa190108,-0.014482742197861406,ANCOM_BC_diff
taxa190108,0.8616354753860459,ANCOM_BC_diff_pval
taxa190108,1.0,ANCOM_BC_diff_qval
taxa190108,False,ANCOM_BC_diff_diff_abn
taxa191306,-7.260664461685345,ANCOM_BC_diff
taxa191306,0.0,ANCOM_BC_diff_pval
taxa191306,0.0,ANCOM_BC_diff_qval
taxa191306,True,ANCOM_BC_diff_diff_abn
taxa299892,-0.02473469490767239,ANCOM_BC_diff
taxa299892,0.7657647810525641,ANCOM_BC_diff_pval
taxa299892,1.0,ANCOM_BC_diff_qval
taxa299892,False,ANCOM_BC_diff_diff_abn
taxa174348,2.3321974462480495,ANCOM_BC_diff
taxa174348,0.00569902509842744,ANCOM_BC_diff_pval
taxa174348,0.575601534941172,ANCOM_BC_diff_qval
taxa174348,False,ANCOM_BC_diff_diff_abn
taxa192127,-0.0034790776576985876,ANCOM_BC_diff
taxa192127,0.967524330471769,ANCOM_BC_diff_pval
taxa192127,1.0,ANCOM_BC_diff_qval
taxa192127,False,ANCOM_BC_diff_diff_abn
taxa183200,-0.005818991465400009,ANCOM_BC_diff
taxa183200,0.9450327524777611,ANCOM_BC_diff_pval
taxa183200,1.0,ANCOM_BC_diff_qval
taxa183200,False,ANCOM_BC_diff_diff_abn
taxa182980,1.7160516781269815,ANCOM_BC_diff
taxa182980,0.565296418973182,ANCOM_BC_diff_pval
taxa182980,1.0,ANCOM_BC_diff_qval
taxa182980,False,ANCOM_BC_diff_diff_abn
taxa181843,-0.004241540205502913,ANCOM_BC_diff
taxa181843,0.958596258664258,ANCOM_BC_diff_pval
taxa181843,1.0,ANCOM_BC_diff_qval
taxa181843,False,ANCOM_BC_diff_diff_abn
taxa194053,-2.6682077984984947,ANCOM_BC_diff
taxa194053,7.008700627939407e-218,ANCOM_BC_diff_pval
taxa194053,7.078787634218808e-216,ANCOM_BC_diff_qval
taxa194053,True,ANCOM_BC_diff_diff_abn
taxa109014,-8.260678413129016,ANCOM_BC_diff
taxa109014,0.0,ANCOM_BC_diff_pval
taxa109014,0.0,ANCOM_BC_diff_qval
taxa109014,True,ANCOM_BC_diff_diff_abn
taxa518438,-0.0015908759427663546,ANCOM_BC_diff
taxa518438,0.984582975310672,ANCOM_BC_diff_pval
taxa518438,1.0,ANCOM_BC_diff_qval
taxa518438,False,ANCOM_BC_diff_diff_abn
taxa193343,6.771211127340765,ANCOM_BC_diff
taxa193343,0.0,ANCOM_BC_diff_pval
taxa193343,0.0,ANCOM_BC_diff_qval
taxa193343,True,ANCOM_BC_diff_diff_abn
taxa357795,-0.0030530296042519333,ANCOM_BC_diff
taxa357795,0.9698315908225308,ANCOM_BC_diff_pval
taxa357795,1.0,ANCOM_BC_diff_qval
taxa357795,False,ANCOM_BC_diff_diff_abn
taxa352304,-0.004213233196580521,ANCOM_BC_diff
taxa352304,0.9600514453643381,ANCOM_BC_diff_pval
taxa352304,1.0,ANCOM_BC_diff_qval
taxa352304,False,ANCOM_BC_diff_diff_abn
taxa179460,-0.003715531143123254,ANCOM_BC_diff
taxa179460,0.963812144044255,ANCOM_BC_diff_pval
taxa179460,1.0,ANCOM_BC_diff_qval
taxa179460,False,ANCOM_BC_diff_diff_abn
taxa469991,0.8909625985864021,ANCOM_BC_diff
taxa469991,0.292289611293478,ANCOM_BC_diff_pval
taxa469991,1.0,ANCOM_BC_diff_qval
taxa469991,False,ANCOM_BC_diff_diff_abn
taxa175537,0.015692733499498738,ANCOM_BC_diff
taxa175537,0.846133659830938,ANCOM_BC_diff_pval
taxa175537,1.0,ANCOM_BC_diff_qval
taxa175537,False,ANCOM_BC_diff_diff_abn
taxa288134,6.431954424761387,ANCOM_BC_diff
taxa288134,0.0,ANCOM_BC_diff_pval
taxa288134,0.0,ANCOM_BC_diff_qval
taxa288134,True,ANCOM_BC_diff_diff_abn
taxa190464,-2.8391927383951088,ANCOM_BC_diff
taxa190464,1.0722379418944493e-274,ANCOM_BC_diff_pval
taxa190464,1.0829603213133995e-272,ANCOM_BC_diff_qval
taxa190464,True,ANCOM_BC_diff_diff_abn
taxa178915,9.89491019582531,ANCOM_BC_diff
taxa178915,3.9736118799739e-07,ANCOM_BC_diff_pval
taxa178915,4.01334799877364e-05,ANCOM_BC_diff_qval
taxa178915,True,ANCOM_BC_diff_diff_abn
taxa366612,-8.353491929452764,ANCOM_BC_diff
taxa366612,0.0,ANCOM_BC_diff_pval
taxa366612,0.0,ANCOM_BC_diff_qval
taxa366612,True,ANCOM_BC_diff_diff_abn
taxa261912,-0.010182996279673161,ANCOM_BC_diff
taxa261912,0.8980696522895129,ANCOM_BC_diff_pval
taxa261912,1.0,ANCOM_BC_diff_qval
taxa261912,False,ANCOM_BC_diff_diff_abn
taxa185281,0.006922272140598233,ANCOM_BC_diff
taxa185281,0.931692071590728,ANCOM_BC_diff_pval
taxa185281,1.0,ANCOM_BC_diff_qval
taxa185281,False,ANCOM_BC_diff_diff_abn
taxa511008,0.058041574282692916,ANCOM_BC_diff
taxa511008,0.45562678681274804,ANCOM_BC_diff_pval
taxa511008,1.0,ANCOM_BC_diff_qval
taxa511008,False,ANCOM_BC_diff_diff_abn
taxa470973,-0.006579114164077661,ANCOM_BC_diff
taxa470973,0.93829094757817,ANCOM_BC_diff_pval
taxa470973,1.0,ANCOM_BC_diff_qval
taxa470973,False,ANCOM_BC_diff_diff_abn
taxa162162,0.012837388687186828,ANCOM_BC_diff
taxa162162,0.883863747353423,ANCOM_BC_diff_pval
taxa162162,1.0,ANCOM_BC_diff_qval
taxa162162,False,ANCOM_BC_diff_diff_abn
taxa181028,-3.837595749913585,ANCOM_BC_diff
taxa181028,0.13378088874878802,ANCOM_BC_diff_pval
taxa181028,1.0,ANCOM_BC_diff_qval
taxa181028,False,ANCOM_BC_diff_diff_abn
taxa204044,0.14009242108241554,ANCOM_BC_diff
taxa204044,0.9597102941991401,ANCOM_BC_diff_pval
taxa204044,1.0,ANCOM_BC_diff_qval
taxa204044,False,ANCOM_BC_diff_diff_abn
taxa470172,-0.026750430404239474,ANCOM_BC_diff
taxa470172,0.742076612971657,ANCOM_BC_diff_pval
taxa470172,1.0,ANCOM_BC_diff_qval
taxa470172,False,ANCOM_BC_diff_diff_abn
taxa328422,0.005605498727890094,ANCOM_BC_diff
taxa328422,0.9452557751902941,ANCOM_BC_diff_pval
taxa328422,1.0,ANCOM_BC_diff_qval
taxa328422,False,ANCOM_BC_diff_diff_abn
taxa213747,-7.04271307510351,ANCOM_BC_diff
taxa213747,0.0,ANCOM_BC_diff_pval
taxa213747,0.0,ANCOM_BC_diff_qval
taxa213747,True,ANCOM_BC_diff_diff_abn
taxa262724,7.929799125031724,ANCOM_BC_diff
taxa262724,0.0,ANCOM_BC_diff_pval
taxa262724,0.0,ANCOM_BC_diff_qval
taxa262724,True,ANCOM_BC_diff_diff_abn
taxa82283,-4.524588953134394,ANCOM_BC_diff
taxa82283,0.0,ANCOM_BC_diff_pval
taxa82283,0.0,ANCOM_BC_diff_qval
taxa82283,True,ANCOM_BC_diff_diff_abn
taxa316732,-0.0027280957923646295,ANCOM_BC_diff
taxa316732,0.9732388553676121,ANCOM_BC_diff_pval
taxa316732,1.0,ANCOM_BC_diff_qval
taxa316732,False,ANCOM_BC_diff_diff_abn
taxa293896,0.010338436736159636,ANCOM_BC_diff
taxa293896,0.902702918882164,ANCOM_BC_diff_pval
taxa293896,1.0,ANCOM_BC_diff_qval
taxa293896,False,ANCOM_BC_diff_diff_abn
taxa196731,0.003138610363191835,ANCOM_BC_diff
taxa196731,0.96927716690723,ANCOM_BC_diff_pval
taxa196731,1.0,ANCOM_BC_diff_qval
taxa196731,False,ANCOM_BC_diff_diff_abn
taxa167602,-4.810906043050172,ANCOM_BC_diff
taxa167602,1.12311066449075e-08,ANCOM_BC_diff_pval
taxa167602,1.13434177113565e-06,ANCOM_BC_diff_qval
taxa167602,True,ANCOM_BC_diff_diff_abn
taxa470114,-0.3245352557567457,ANCOM_BC_diff
taxa470114,3.73886778842702e-05,ANCOM_BC_diff_pval
taxa470114,0.00377625646631129,ANCOM_BC_diff_qval
taxa470114,True,ANCOM_BC_diff_diff_abn
taxa170206,6.767603067680535,ANCOM_BC_diff
taxa170206,0.0,ANCOM_BC_diff_pval
taxa170206,0.0,ANCOM_BC_diff_qval
taxa170206,True,ANCOM_BC_diff_diff_abn
taxa365676,-1.9787391891824826,ANCOM_BC_diff
taxa365676,4.109941468096579e-120,ANCOM_BC_diff_pval
taxa365676,4.151040882777549e-118,ANCOM_BC_diff_qval
taxa365676,True,ANCOM_BC_diff_diff_abn
taxa223059,0.005043768327069794,ANCOM_BC_diff
taxa223059,0.950538692470817,ANCOM_BC_diff_pval
taxa223059,1.0,ANCOM_BC_diff_qval
taxa223059,False,ANCOM_BC_diff_diff_abn
taxa187524,9.134247310132519,ANCOM_BC_diff
taxa187524,0.0,ANCOM_BC_diff_pval
taxa187524,0.0,ANCOM_BC_diff_qval
taxa187524,True,ANCOM_BC_diff_diff_abn
taxa191541,-3.8327247194379463,ANCOM_BC_diff
taxa191541,0.0,ANCOM_BC_diff_pval
taxa191541,0.0,ANCOM_BC_diff_qval
taxa191541,True,ANCOM_BC_diff_diff_abn
taxa212619,-0.0665581257689773,ANCOM_BC_diff
taxa212619,0.403180395417488,ANCOM_BC_diff_pval
taxa212619,1.0,ANCOM_BC_diff_qval
taxa212619,False,ANCOM_BC_diff_diff_abn
taxa357470,0.008121175579178895,ANCOM_BC_diff
taxa357470,0.916685253440932,ANCOM_BC_diff_pval
taxa357470,1.0,ANCOM_BC_diff_qval
taxa357470,False,ANCOM_BC_diff_diff_abn
taxa326792,6.265900704978585,ANCOM_BC_diff
taxa326792,0.0,ANCOM_BC_diff_pval
taxa326792,0.0,ANCOM_BC_diff_qval
taxa326792,True,ANCOM_BC_diff_diff_abn
taxa325407,-4.113329107260958,ANCOM_BC_diff
taxa325407,0.0,ANCOM_BC_diff_pval
taxa325407,0.0,ANCOM_BC_diff_qval
taxa325407,True,ANCOM_BC_diff_diff_abn
taxa188646,-0.021865972909765115,ANCOM_BC_diff
taxa188646,0.804538823019903,ANCOM_BC_diff_pval
taxa188646,1.0,ANCOM_BC_diff_qval
taxa188646,False,ANCOM_BC_diff_diff_abn
taxa171551,3.241621719862511,ANCOM_BC_diff
taxa171551,0.0,ANCOM_BC_diff_pval
taxa171551,0.0,ANCOM_BC_diff_qval
taxa171551,True,ANCOM_BC_diff_diff_abn
taxa290260,0.008961967181080988,ANCOM_BC_diff
taxa290260,0.9090706677565951,ANCOM_BC_diff_pval
taxa290260,1.0,ANCOM_BC_diff_qval
taxa290260,False,ANCOM_BC_diff_diff_abn
taxa367433,6.061528429318814,ANCOM_BC_diff
taxa367433,0.0,ANCOM_BC_diff_pval
taxa367433,0.0,ANCOM_BC_diff_qval
taxa367433,True,ANCOM_BC_diff_diff_abn
taxa310301,0.04461670632036247,ANCOM_BC_diff
taxa310301,0.510111898427043,ANCOM_BC_diff_pval
taxa310301,1.0,ANCOM_BC_diff_qval
taxa310301,False,ANCOM_BC_diff_diff_abn
taxa193761,-7.557737267627967,ANCOM_BC_diff
taxa193761,0.0,ANCOM_BC_diff_pval
taxa193761,0.0,ANCOM_BC_diff_qval
taxa193761,True,ANCOM_BC_diff_diff_abn
taxa327476,0.005431056212682206,ANCOM_BC_diff
taxa327476,0.9450570567789599,ANCOM_BC_diff_pval
taxa327476,1.0,ANCOM_BC_diff_qval
taxa327476,False,ANCOM_BC_diff_diff_abn
taxa189047,-6.226816619676176,ANCOM_BC_diff
taxa189047,0.0,ANCOM_BC_diff_pval
taxa189047,0.0,ANCOM_BC_diff_qval
taxa189047,True,ANCOM_BC_diff_diff_abn
taxa180658,-7.7786080452695545,ANCOM_BC_diff
taxa180658,0.0,ANCOM_BC_diff_pval
taxa180658,0.0,ANCOM_BC_diff_qval
taxa180658,True,ANCOM_BC_diff_diff_abn
taxa269833,-0.0006762875073339527,ANCOM_BC_diff
taxa269833,0.993515933657932,ANCOM_BC_diff_pval
taxa269833,1.0,ANCOM_BC_diff_qval
taxa269833,False,ANCOM_BC_diff_diff_abn
taxa367055,-0.004903351396319154,ANCOM_BC_diff
taxa367055,0.9465027327757509,ANCOM_BC_diff_pval
taxa367055,1.0,ANCOM_BC_diff_qval
taxa367055,False,ANCOM_BC_diff_diff_abn
taxa203708,0.014226694678121548,ANCOM_BC_diff
taxa203708,0.8641029323904921,ANCOM_BC_diff_pval
taxa203708,1.0,ANCOM_BC_diff_qval
taxa203708,False,ANCOM_BC_diff_diff_abn
taxa181892,-5.5241712319205805,ANCOM_BC_diff
taxa181892,6.68579922488231e-11,ANCOM_BC_diff_pval
taxa181892,6.752657217131129e-09,ANCOM_BC_diff_qval
taxa181892,True,ANCOM_BC_diff_diff_abn
taxa589024,-9.355518742902872,ANCOM_BC_diff
taxa589024,0.0,ANCOM_BC_diff_pval
taxa589024,0.0,ANCOM_BC_diff_qval
taxa589024,True,ANCOM_BC_diff_diff_abn
logged_relative_abundance_diff_MAE,3.361157303678635,logged_relative_abundance_diff_MAE
qml_logged_loads_diff_MAE,0.0076476761431527335,qml_logged_loads_diff_MAE
ANCOM_BC_diff_MAE,0.13259748370700994,ANCOM_BC_diff_MAE
mwu_diff_pvalue_FPR,1.0,mwu_diff_pvalue_FPR
mwu_diff_pvalue_FNR,0.0,mwu_diff_pvalue_FNR
mwu_logged_pvalue_FPR,1.0,mwu_logged_pvalue_FPR
mwu_logged_pvalue_FNR,0.0,mwu_logged_pvalue_FNR
qml_diff_pvalue_FPR,0.07936507936507936,qml_diff_pvalue_FPR
qml_diff_pvalue_FNR,0.0,qml_diff_pvalue_FNR
ancomP_FPR,0.06349206349206349,ancomP_FPR
ancomP_FNR,0.0,ancomP_FNR
qml_diff_qvalue_FPR,0.047619047619047616,qml_diff_qvalue_FPR
qml_diff_qvalue_FNR,0.0,qml_diff_qvalue_FNR
ANCOM_BC_diff_qval_FPR,0.015873015873015872,ANCOM_BC_diff_qval_FPR
ANCOM_BC_diff_qval_FNR,0.02631578947368421,ANCOM_BC_diff_qval_FNR
